76.0205 84.19078 0
76.00519 84.21313 1
75.98645 84.23222 1
75.964806 84.24809 1
75.957855 84.21675 1
75.935 84.23065 1
75.910065 84.24089 1
75.883484 84.2475 1
75.8557 84.25049 1
75.82707 84.24985 1
75.82938 84.22149 1
75.85696 84.22133 1
75.88377 84.21734 1
75.90936 84.20942 1
75.93332 84.19741 1
75.97813 84.19909 1
76.01839 84.243164 1
76.035484 84.22257 1
76.04896 84.19937 1
76.07973 84.202805 1
76.068184 84.226944 1
76.05287 84.249084 1
76.089096 84.24956 1
76.10239 84.2259 1
76.11186 84.200806 1
76.12616 84.2443 1
76.069954 84.45285 1
76.096275 84.46414 1
76.085785 84.49122 1
76.11398 84.50056 1
76.123825 84.47345 1
75.93562 84.50719 1
75.916115 84.52779 1
75.895256 84.54681 1
75.873276 84.564316 1
75.8481 84.54428 1
75.824875 84.55969 1
75.800125 84.573364 1
75.77516 84.585724 1
75.74879 84.59634 1
75.7491 84.62988 1
75.77595 84.61978 1
75.801346 84.607994 1
75.80422 84.6416 1
75.77836 84.65294 1
75.75137 84.66278 1
75.75442 84.69472 1
75.781906 84.68517 1
75.80827 84.67418 1
75.72622 84.702896 1
75.69776 84.709885 1
75.70116 84.740814 1
75.73052 84.734146 1
75.736595 84.764984 1
75.74269 84.794876 1
75.71225 84.801445 1
75.705864 84.77128 1
75.672775 84.89904 1
75.68279 84.9278 1
75.64949 84.93129 1
75.63902 84.90193 1
75.65076 85.103455 1
75.66518 85.130356 1
75.62668 85.132126 1
75.7179 85.209854 1
75.73738 85.235504 1
75.713875 85.264496 1
75.69674 85.239334 1
75.689644 85.292725 1
75.71362 85.31895 1
75.734634 85.28988 1
75.41916 85.41098 1
75.39164 85.4332 1
75.371475 85.40345 1
75.352264 85.3734 1
75.33403 85.34307 1
75.30048 85.28167 1
75.26829 85.29991 1
75.25556 85.270134 1
75.21071 85.25702 1
75.194214 85.223206 1
75.22742 85.206894 1
75.241356 85.32065 1
75.385056 85.484604 1
75.40411 85.51275 1
75.41596 85.4639 1
75.3864 85.663246 1
75.357635 85.684395 1
75.328384 85.70501 1
75.331604 85.654335 1
75.41681 85.693726 1
75.500534 85.727615 1
75.52978 85.7549 1
75.560135 85.73197 1
75.590034 85.758255 1
75.61571 85.73344 1
75.31672 86.10292 1
75.348305 86.13159 1
75.31166 86.15036 1
75.262276 86.85258 1
75.28866 86.907005 1
75.47135 86.92348 1
75.47606 86.971405 1
75.51961 86.94973 1
75.646255 86.88106 1
75.68711 86.856995 1
75.69473 86.90438 1
75.7354 86.87962 1
75.77536 86.85432 1
75.784386 86.90144 1
75.82413 86.87546 1
75.91007 86.94346 1
75.949104 86.91576 1
75.96122 86.96227 1
76.0 86.9339 1
76.05151 86.95114 1
76.078476 86.99691 1
76.13154 87.01278 1
76.16934 86.982185 1
76.214836 87.07226 1
76.29688 87.08324 1
76.30133 87.12947 1
76.27652 87.1606 1
76.33349 87.17296 1
76.35791 87.14137 1
76.39098 87.184296 1
76.36643 87.21616 1
76.42483 87.22691 1
76.45946 87.269226 1
76.61663 87.32703 1
76.74635 87.36656 1
76.756485 87.412285 1
76.79678 87.45124 1
76.8201 87.41597 1
76.809166 87.37041 1
76.86123 87.45421 1
76.93354 87.484024 1
76.94572 87.529465 1
76.989075 87.566475 1
77.01213 87.52971 1
76.99915 87.48447 1
77.056274 87.56594 1
77.033165 87.60306 1
76.965454 87.60313 1
77.101166 87.60173 1
77.12377 87.564156 1
77.48449 87.67424 1
77.50232 87.718376 1
77.62296 87.823456 1
77.70212 88.212875 1
77.757416 88.242775 1
77.78263 88.199615 1
77.863205 88.18483 1
77.87544 88.2123 1
77.919846 88.21271 1
78.01407 88.22258 1
78.05902 88.22161 1
78.222626 88.18016 1
78.318985 88.18356 1
78.39548 88.505226 1
78.41879 88.54909 1
78.37024 88.55318 1
78.3932 88.59729 1
78.30412 88.62135 1
78.24192 88.59661 1
78.18037 88.571236 1
78.092415 88.59138 1
78.03214 88.56427 1
77.94481 88.58167 1
77.7879 88.65764 1
77.729904 88.62683 1
77.64261 88.63857 1
77.65907 88.68507 1
77.611984 88.68154 1
77.58075 88.724365 1
77.49272 89.20575 1
77.40968 89.26102 1
77.41773 89.291046 1
77.43078 89.33973 1
77.43885 89.369865 1
77.44385 89.388504 1
77.451935 89.4187 1
77.39689 89.60261 1
77.38068 89.98038 1
77.3923 90.03073 1
77.300156 90.11673 1
77.01974 90.43837 1
76.93541 90.65578 1
76.94276 90.70807 1
76.4669 90.67705 1
76.34925 90.66409 1
76.23106 90.61659 1
76.11428 90.54709 1
76.0 90.49571 1
76.12396 91.10149 1
76.124535 91.134544 1
76.12489 91.155 1
76.12547 91.188126 1
76.12698 91.27504 1
75.87279 91.28774 1
75.87221 91.321014 1
75.87186 91.341606 1
75.87127 91.374954 1
76.0 91.5385 1
76.0 91.57207 1
76.0 91.592834 1
76.13383 91.66693 1
76.134415 91.70065 1
76.431496 92.23337 1
76.4344 92.288925 1
76.58048 92.3013 1
76.58437 92.35694 1
76.45155 92.61616 1
76.4545 92.67239 1
76.46888 92.9468 1
76.47002 92.96849 1
77.08693 92.85236 1
77.08429 92.83084 1
77.244286 92.85353 1
77.26503 93.00116 1
77.13898 93.2762 1
77.00621 93.57348 1
77.009964 93.609146 1
76.511314 93.75649 1
76.5132 93.79246 1
76.176094 94.088486 1
76.17673 94.12482 1
76.0 94.1039 1
75.823425 94.11624 1
75.82405 94.07992 1
75.47662 93.98664 1
75.47969 93.92815 1
75.48158 93.892044 1
75.48275 93.86975 1
75.484634 93.83371 1
75.32277 93.68481 1
75.32528 93.64899 1
75.02289 93.29664 1
74.87745 93.142456 1
74.25495 92.97751 1
74.25911 92.95608 1
73.93171 92.95875 1
73.92679 92.98007 1
73.767105 92.95564 1
73.75853 92.990036 1
73.60765 92.92838 1
73.61681 92.89417 1
73.622475 92.87305 1
73.30391 92.81851 1
73.29355 92.8524 1
73.15718 92.749306 1
72.868515 92.60368 1
72.8806 92.57049 1
72.72666 92.527336 1
72.73932 92.49438 1
72.74712 92.47402 1
72.75976 92.441124 1
72.607895 92.39577 1
72.621086 92.36311 1
72.58652 92.44867 1
72.325806 92.25238 1
72.17665 92.19919 1
72.16745 92.21893 1
71.87683 92.09217 1
71.729904 92.030876 1
71.74646 91.99974 1
71.75668 91.980515 1
71.463135 91.85808 1
71.445496 91.88863 1
71.434586 91.90753 1
71.29033 91.83821 1
70.80736 91.69841 1
70.666016 91.617714 1
70.36064 91.48368 1
70.32597 91.52969 1
69.97675 91.43809 1
69.95422 91.46591 1
69.6503 91.3045 1
69.47569 91.24598 1
69.34778 90.88858 1
69.37263 90.862854 1
69.38797 90.84696 1
69.218895 90.781105 1
69.20325 90.79675 1
69.177895 90.8221 1
68.966354 90.79231 1
68.940445 90.81734 1
68.82777 91.172226 1
68.78612 91.21388 1
68.582565 91.16293 1
68.566315 91.178635 1
68.53999 91.20405 1
68.42485 90.820694 1
68.451904 90.79633 1
68.49563 90.75697 1
68.539276 90.71767 1
69.029724 91.21793 1
69.07045 91.17576 1
69.909966 91.00578 0
70.22505 91.13147 1
70.56241 91.21593 1
70.59667 91.170456 1
70.890495 91.29713 1
70.91061 91.26841 1
70.92302 91.25068 1
71.057816 91.327095 1
71.07738 91.29809 1
71.132164 90.95199 1
71.14443 90.93446 1
71.16427 90.90614 1
71.30485 90.96085 1
71.65308 90.95651 1
71.68247 90.909485 1
71.83895 90.92515 1
71.994576 90.9376 1
72.01161 90.9081 1
72.33859 90.88611 1
72.35448 90.85624 1
72.53011 90.81004 1
72.54539 90.78006 1
72.84959 90.75609 1
72.85832 90.73735 1
72.99143 90.4519 1
73.0054 90.42194 1
73.13136 90.44307 1
73.096176 90.522095 1
72.84077 90.20035 1
72.84999 90.18225 1
72.8649 90.15299 1
72.888985 90.10572 1
72.9905 89.90647 1
73.02907 89.83079 1
73.14547 89.85265 1
73.26171 89.87228 1
73.27536 89.84301 1
73.29741 89.795715 1
73.31102 89.76654 1
73.42515 89.78321 1
73.539024 89.7977 1
73.64517 89.8284 1
73.63315 89.85817 1
73.613655 89.90641 1
73.60159 89.93627 1
73.69842 89.99582 1
73.64934 90.12368 1
73.36568 90.206085 1
73.51968 90.46146 1
73.625885 90.52284 1
73.64405 90.47292 1
73.77871 90.4511 1
73.92814 90.376526 1
73.9382 90.34556 1
73.94442 90.32644 1
73.95446 90.295525 1
73.9807 90.21477 1
74.09893 90.21812 1
74.23993 90.13811 1
74.25427 90.088066 1
74.37741 90.05558 1
74.611336 90.01495 1
74.622955 89.96463 1
74.64171 89.88341 1
74.64886 89.852455 1
74.65327 89.83334 1
74.6604 89.802444 1
74.69499 90.13961 1
74.6775 90.22188 1
74.788635 90.23195 1
74.79242 90.21244 1
74.78249 90.263535 1
74.888535 90.30344 1
74.55014 90.28005 1
74.54287 90.31152 1
74.42512 90.3165 1
74.404594 90.39881 1
74.39188 90.449814 1
74.26271 90.48366 1
74.21841 90.649 1
74.05516 90.78246 1
74.28317 90.88581 1
74.39157 90.966866 1
74.38696 90.98681 1
74.37951 91.019104 1
74.36743 91.07145 1
74.35995 91.10384 1
74.32817 91.2415 1
74.19395 91.243675 1
74.0645 91.223404 1
74.059135 91.2434 1
74.05046 91.27579 1
74.07316 91.19108 1
73.95364 91.13649 1
73.71859 91.02147 1
73.7289 90.989746 1
73.61396 90.929565 1
73.48198 90.91819 1
73.470566 90.949554 1
73.20453 90.91903 1
73.191986 90.95008 1
73.08514 91.21455 1
73.03132 91.34774 1
73.01858 91.37928 1
73.17218 91.366714 1
72.89718 91.67975 1
73.01643 91.772446 1
73.13346 91.87575 1
73.12617 91.8958 1
73.11435 91.92826 1
73.39688 92.01158 1
73.53085 92.07622 1
73.81763 92.144714 1
74.13423 92.08152 1
74.43053 92.074234 1
74.58359 92.03285 1
74.86185 92.098366 1
74.86956 92.043495 1
75.0117 92.04903 1
75.00753 92.08299 1
75.00496 92.104004 1
75.150116 92.086075 1
75.153694 92.05206 1
75.44383 91.95355 1
75.446205 91.91961 1
75.44768 91.89865 1
75.45004 91.86477 1
75.189545 91.710945 1
75.19308 91.67735 1
75.198784 91.62308 1
75.068405 91.587265 1
75.075035 91.53323 1
75.07913 91.49989 1
75.08166 91.4793 1
74.95882 91.40843 1
74.96347 91.37528 1
74.96635 91.35482 1
74.846596 91.282295 1
74.855034 91.22902 1
74.738396 91.15492 1
74.75348 91.06936 1
74.68747 90.75239 1
74.693726 90.72022 1
75.05351 90.73459 1
75.14779 90.94072 1
75.14129 90.993645 1
75.2523 91.11392 1
75.24883 91.146866 1
75.24669 91.16725 1
75.243225 91.20026 1
75.36252 91.28644 1
75.35491 91.37341 1
75.47992 91.4375 1
75.47848 91.45814 1
75.476135 91.49156 1
75.4738 91.52502 1
75.749374 91.17702 1
76.765686 91.28501 0
76.771324 91.33865 1
76.78964 91.512955 1
76.79315 91.546364 1
76.79533 91.56703 1
76.93391 91.606064 1
76.94056 91.66023 1
76.94467 91.693756 1
76.94722 91.71449 1
76.85326 92.11823 1
76.85684 92.15233 1
76.88736 92.44269 1
77.04402 92.50285 1
77.530495 92.67984 1
77.54033 92.73563 1
77.696686 92.728676 1
78.15318 92.63595 1
78.16167 92.67 1
78.30919 92.618 1
78.3239 92.67289 1
78.631516 92.60729 1
78.61488 92.5529 1
78.78805 92.580734 1
79.09326 92.49866 1
79.10071 92.51913 1
79.25672 92.484055 1
79.23629 92.43082 1
79.41246 92.446144 1
79.69967 92.30959 1
79.71403 92.34184 1
79.85335 92.26353 1
79.86828 92.29554 1
80.1493 92.14346 1
80.13327 92.112 1
80.17528 92.19444 1
80.6203 92.0026 1
80.770546 91.93952 1
80.78184 91.95831 1
80.931625 91.89224 1
80.90121 91.84357 1
80.88243 91.81353 1
81.18421 91.68591 1
81.19647 91.70409 1
81.34272 91.6302 1
81.3631 91.6593 1
81.640366 91.48502 1
81.65361 91.50259 1
81.67504 91.53104 1
81.79723 91.42012 1
81.819176 91.448204 1
81.83275 91.465576 1
81.976036 91.37979 1
81.99852 91.40755 1
81.75051 91.10129 1
81.72829 91.07385 1
81.59054 91.15556 1
81.577126 91.1384 1
81.555435 91.11064 1
81.43859 91.217255 1
81.417404 91.18914 1
81.11815 91.30946 1
80.94596 91.332695 1
80.67558 91.4825 1
80.522026 91.52591 1
80.50404 91.49598 1
80.379196 91.58499 1
80.36175 91.55477 1
80.101685 91.71416 1
80.07521 91.66435 1
79.93106 91.71513 1
79.90551 91.66499 1
79.62655 91.77717 1
79.611885 91.74571 1
79.481544 91.81967 1
79.15653 91.81268 1
79.03209 91.89885 1
78.87916 91.910416 1
78.86735 91.877975 1
78.56685 91.899956 1
78.40611 91.87004 1
78.1245 91.92873 1
78.13338 91.96189 1
78.00242 92.03126 1
77.77961 91.70832 1
77.771965 91.67523 1
77.76725 91.6548 1
77.75963 91.62177 1
77.707596 91.39641 1
77.78589 91.16281 1
77.71782 90.8898 1
78.07833 90.79791 1
78.19275 90.748604 1
78.18645 90.72919 1
78.080246 90.40234 1
77.97183 90.44959 1
77.9469 90.36803 1
77.84444 90.43232 1
78.62847 90.19229 0
78.93252 90.2888 1
78.955 90.33703 1
78.96893 90.36689 1
78.87077 90.44786 1
78.70123 90.68579 1
78.71367 90.71657 1
78.72136 90.73561 1
78.60795 90.79393 1
78.62725 90.84421 1
78.548706 91.002525 1
78.35064 91.23453 1
78.36104 91.26654 1
78.37789 91.3184 1
78.269554 91.42337 1
78.27944 91.45572 1
77.577805 92.11708 0
77.584366 92.15085 1
77.43818 92.15632 1
77.43221 92.12247 1
77.42256 92.067764 1
78.434616 93.08611 0
76.742 94.61106 0
76.74616 94.67062 1
76.3916 95.213905 1
76.39241 95.237045 1
76.39291 95.25136 1
76.393715 95.27451 1
76.39421 95.28883 1
76.39502 95.31202 1
76.395836 95.33522 1
76.0 95.85154 1
76.0 95.88962 1
76.0 95.91316 1
76.0 95.951294 1
76.0 96.01308 1
75.5662 96.42233 1
75.56537 96.446175 1
75.56486 96.46092 1
75.564026 96.48479 1
75.56319 96.50867 1
75.56267 96.52344 1
75.09033 97.0088 1
75.085915 97.07204 1
74.57886 97.52125 1
74.576294 97.54562 1
74.10573 97.47842 1
74.11125 97.439156 1
74.114655 97.41492 1
74.11676 97.39993 1
74.12016 97.37571 1
74.04077 97.94061 1
74.03864 97.95578 1
74.035194 97.980316 1
74.031746 98.00486 1
74.02961 98.02004 1
74.02615 98.04462 1
74.024025 98.0598 1
73.431305 98.56782 0
73.41986 98.632675 1
73.41279 98.672806 1
73.40133 98.73781 1
72.88533 98.6534 1
71.36403 98.26805 0
70.47299 97.67981 0
70.4824 97.65653 1
70.48821 97.64215 1
70.49761 97.61888 1
70.72914 97.045845 1
70.73486 97.03166 1
70.759125 96.97162 1
70.76838 96.94871 1
70.77763 96.92581 1
71.264435 97.010864 1
71.27806 96.97342 1
71.286476 96.950294 1
71.83005 96.8338 1
71.84226 96.796196 1
72.42238 96.47664 1
72.4265 96.46228 1
72.43315 96.43907 1
72.439804 96.41587 1
72.44392 96.401535 1
72.45056 96.37836 1
72.46131 96.34088 1
72.46795 96.31773 1
72.472046 96.30344 1
72.5864 95.90462 1
72.59046 95.890465 1
72.59703 95.86758 1
72.60108 95.85344 1
72.917816 94.748856 0
72.92175 94.73512 1
72.92812 94.712906 1
73.281746 94.14467 1
73.29712 94.087296 1
73.6406 94.21968 1
73.63549 94.241806 1
74.14392 93.548706 0
74.17291 93.39956 1
74.73137 94.332184 0
74.72414 94.39108 1
74.719666 94.427536 1
74.929535 94.18483 1
74.45889 94.965546 0
74.45691 94.97966 1
74.4537 95.00251 1
74.37872 95.53599 1
74.37671 95.550316 1
74.37345 95.5735 1
74.323265 95.9306 1
74.31998 95.95401 1
74.31794 95.96849 1
74.314644 95.99192 1
74.31135 96.015366 1
74.30931 96.02986 1
73.91202 95.84155 1
73.916115 95.8183 1
73.922745 95.78069 1
73.93346 95.71993 1
73.94007 95.682434 1
73.94415 95.65927 1
74.769485 95.707596 0
74.77345 95.66984 1
74.77986 95.608826 1
75.61374 95.06113 0
75.615036 95.023865 1
75.615845 95.000854 1
75.61634 94.98664 1
75.61714 94.96365 1
72.75722 93.980255 0
72.22928 93.823074 1
72.22113 93.84429 1
72.20794 93.87865 1
72.04463 93.78987 1
71.823105 94.33818 1
71.81776 94.351425 1
71.8091 94.372856 1
72.17854 94.49937 1
72.19133 94.46423 1
71.42859 94.26755 0
71.403915 94.322975 1
71.0237 94.202934 1
71.01351 94.223816 1
71.00722 94.236725 1
70.997025 94.25762 1
70.57127 94.20995 1
70.5603 94.230576 1
70.78447 93.808975 1
70.81282 93.75568 1
71.06186 93.69166 1
71.19681 93.0335 1
71.21391 93.00132 1
71.2862 92.86536 1
71.313736 92.81358 1
72.32514 93.0956 0
72.33348 93.07495 1
72.34696 93.04158 1
72.60959 93.315094 1
72.59722 93.34907 1
73.006165 93.21408 1
72.71268 91.38344 0
72.72127 91.36416 1
71.77642 91.31546 0
71.75912 91.34542 1
71.61373 91.29997 1
71.59588 91.3297 1
71.431816 91.310616 1
70.8299 90.86095 1
70.66814 90.82448 1
70.50598 90.78455 1
70.47043 90.82845 1
70.16659 90.71057 1
70.026886 90.63381 1
69.789696 90.43096 1
69.653564 90.346436 1
69.62869 90.37131 1
69.26781 90.06169 1
69.15288 89.9521 1
68.850006 89.789955 1
68.58488 89.58769 1
68.53899 89.62228 1
68.259834 89.41972 1
68.05927 89.356094 1
68.02958 89.376114 1
67.78598 89.13269 1
67.76715 89.144455 1
67.73667 89.163506 1
67.536064 89.08565 1
68.00655 88.80295 1
68.05578 88.77337 1
68.08617 88.75511 1
68.200386 88.87374 1
68.230385 88.854996 1
68.27885 88.824715 1
68.539566 89.03213 1
68.55758 89.01997 1
68.6861 89.121254 1
68.70386 89.10882 1
68.732574 89.08871 1
69.16883 88.78323 1
69.19704 88.76348 1
69.214455 88.75128 1
69.42234 88.95662 1
69.439285 88.943855 1
69.46668 88.92321 1
69.56391 89.02842 1
69.5806 89.01539 1
69.536896 89.04953 1
69.42598 89.32354 1
69.40936 89.337 1
69.38245 89.358795 1
69.2626 89.263824 1
69.23526 89.285194 1
68.98198 88.385345 0
69.01112 88.367134 1
68.92473 88.25125 1
68.82183 88.14432 1
68.79202 88.16153 1
68.719086 87.87133 1
68.62201 87.75928 1
68.59135 87.7749 1
68.4834 87.50505 1
68.514565 87.49052 1
68.44279 87.364685 1
68.41136 87.37868 1
68.39192 87.38734 1
68.360435 87.40135 1
68.266136 87.12469 1
68.23417 87.1376 1
68.21439 87.14559 1
68.14837 87.013954 1
68.11611 87.026344 1
68.09615 87.034004 1
68.200485 86.99395 1
68.03199 86.90012 1
67.95596 86.61366 1
67.92305 86.62436 1
67.86972 86.64169 1
67.836716 86.65241 1
67.81218 86.503265 1
67.6095 86.72624 1
67.58893 86.732925 1
67.55561 86.74375 1
67.50163 86.76129 1
67.46822 86.77214 1
67.447556 86.778854 1
67.58278 87.063614 1
67.615776 87.051605 1
67.63615 87.04419 1
67.66908 87.0322 1
67.49622 87.09512 1
66.80745 86.98684 1
66.77792 86.81947 1
66.76251 86.47518 1
66.83286 86.28562 1
66.85424 86.2803 1
67.39884 85.98573 1
67.453964 85.97301 1
67.487976 85.96516 1
67.55741 86.10497 1
67.60829 86.24855 1
67.66269 86.23398 1
67.696266 86.224976 1
67.963585 86.0037 1
67.98421 85.998566 1
68.01753 85.99025 1
68.066154 86.12587 1
68.08663 86.12038 1
68.119736 86.11151 1
68.03299 86.13476 1
67.91704 85.8661 1
67.88349 85.87384 1
67.86275 85.87863 1
67.700455 85.613266 1
67.64548 85.623955 1
67.60538 85.4802 1
67.63949 85.47418 1
67.434395 85.20382 1
67.39992 85.208664 1
67.345535 85.06263 1
67.31506 84.91283 1
67.258865 84.91873 1
67.22409 84.922386 1
67.127365 84.62044 1
67.07072 84.6244 1
67.03566 84.62685 1
67.01397 84.628365 1
66.99095 84.472145 1
66.95578 84.47399 1
66.73712 84.64772 1
66.679794 84.65173 1
66.64432 84.65421 1
66.59878 84.4927 1
66.48029 84.16617 1
66.458206 84.16655 1
66.4073 84.0 1
66.38517 84.0 1
66.37295 83.831955 1
66.33709 83.83133 1
66.3149 83.83095 1
66.21897 83.4874 1
66.15747 83.311745 1
66.121445 83.30922 1
66.02133 82.9512 1
65.969086 82.768364 1
65.92007 82.58336 1
66.25997 82.63113 1
66.36681 82.81719 1
66.41902 82.993 1
66.51886 83.33701 1
66.554474 83.33951 1
66.61556 83.50818 1
66.71074 83.83785 1
66.73266 83.83824 1
66.78023 84.0 1
66.80211 84.0 1
66.81702 84.16029 1
66.85237 84.15967 1
66.8742 84.15929 1
66.87106 84.95949 0
66.83587 84.96319 1
66.924286 85.11436 1
67.133934 85.563324 1
67.168564 85.55722 1
67.23157 85.70441 1
68.21074 86.38142 0
68.23097 86.37523 1
68.26367 86.365234 1
68.31651 86.349075 1
68.37107 86.47879 1
68.33862 86.489334 1
68.474464 86.739075 1
68.494255 86.731865 1
68.526245 86.72023 1
68.58699 86.84559 1
68.63832 86.82588 1
68.700775 86.94908 1
68.6693 86.96179 1
68.78898 87.210556 1
68.83913 87.188225 1
68.90759 87.30724 1
68.87687 87.32157 1
68.857864 87.33043 1
69.038864 87.546875 1
69.05751 87.53738 1
69.08765 87.52202 1
69.16156 87.63606 1
69.17999 87.62626 1
69.20979 87.61042 1
69.131714 87.65193 1
69.32187 87.85562 1
69.40123 87.96494 1
69.37229 87.98233 1
69.447975 87.93685 1
69.52859 88.04379 1
69.50002 88.06164 1
69.48236 88.07268 1
69.68431 88.25999 1
69.701546 88.24836 1
69.7294 88.22957 1
69.78716 88.35027 1
69.953026 88.556725 1
69.92618 88.57695 1
70.05993 88.64089 1
70.15179 88.735794 1
70.19392 88.701675 1
70.32809 88.7593 1
70.39643 88.87111 1
70.4372 88.83566 1
70.46237 88.81379 1
70.571976 88.88742 1
70.75499 89.06505 1
70.79368 89.02769 1
70.8677 89.1323 1
70.82964 89.17036 1
70.94378 89.23587 1
70.96687 89.21196 1
70.981125 89.1972 1
71.08124 89.27473 1
71.19623 89.33513 1
71.3335 89.36819 1
71.34691 89.352776 1
71.36857 89.32785 1
71.44914 89.4235 1
71.586006 89.45083 1
71.64896 89.569084 1
71.754395 89.6341 1
71.87276 89.680664 1
71.90407 89.63756 1
72.02194 89.68126 1
72.1584 89.69541 1
72.18803 89.65148 1
72.32283 89.66234 1
72.4395 89.69799 1
72.456764 89.670364 1
72.61681 89.63057 1
72.68737 89.51314 1
72.826256 89.497086 1
72.84233 89.46925 1
72.95383 89.495445 1
72.57839 90.172745 0
72.43815 90.16931 1
72.07996 90.27337 1
72.06902 90.29088 1
72.05131 90.31923 1
71.92339 90.27743 1
71.856285 90.14332 1
71.874954 90.11563 1
71.76535 90.27813 1
71.60509 90.04907 1
71.48003 89.99821 1
71.36815 89.928505 1
71.2995 89.804634 1
71.22178 90.34091 1
71.2013 90.36809 1
70.693085 90.104904 1
70.670654 90.130714 1
70.57861 90.02106 1
70.54156 90.06221 1
70.510376 89.68467 1
70.524956 89.66958 1
70.54852 89.64517 1
70.441666 89.558334 1
70.46564 89.53436 1
70.48044 89.51956 1
70.56689 89.43311 1
70.60543 89.39457 1
70.70933 89.47865 1
70.68594 89.50287 1
70.48788 89.323 1
70.46362 89.34641 1
70.23022 89.19514 1
70.18952 89.23178 1
70.21326 89.78674 1
70.198265 89.801735 1
70.173996 89.826004 1
71.76669 88.08806 0
71.78941 88.06612 1
71.81211 88.0442 1
72.034874 88.10601 1
72.05667 88.083435 1
72.035515 87.964485 1
72.003296 87.85957 1
72.333244 87.419304 1
72.39167 87.36482 1
72.44326 87.37521 1
72.48929 87.44997 1
72.46755 87.47133 1
72.48465 87.51535 1
72.536835 87.52414 1
72.619835 87.56195 1
72.701645 87.6632 1
72.72125 87.70595 1
72.75391 87.66904 1
72.77371 87.711426 1
72.806 87.67427 1
72.858536 87.74385 1
72.89014 87.70619 1
72.91066 87.747665 1
72.99544 87.77725 1
73.0504 87.843994 1
73.18314 87.80676 1
73.27304 87.89451 1
73.32426 87.893234 1
73.37522 87.89139 1
73.484184 87.94904 1
73.569244 87.96663 1
73.61947 87.96187 1
73.764755 88.032486 1
73.849594 88.04432 1
73.89884 88.036285 1
74.01025 88.0796 1
74.05884 88.06973 1
74.11002 88.14717 1
74.15849 88.13608 1
74.211975 88.21231 1
74.2417 88.24493 1
74.26056 88.30527 1
74.329285 88.352356 1
74.346756 88.306854 1
74.470055 88.44328 1
74.46022 88.47185 1
74.49337 88.50284 1
74.581276 88.49961 1
74.606285 88.558624 1
74.59195 88.605515 1
74.55745 88.57518 1
74.79463 88.83446 1
74.885284 89.24434 1
74.963745 89.331085 1
74.95781 89.361595 1
74.9482 89.41103 1
74.94225 89.44164 1
74.93857 89.46057 1
74.93261 89.491234 1
75.09313 89.72572 1
75.178986 89.84183 1
75.2623 90.00806 1
74.153 89.36407 0
74.05557 89.34227 1
74.04894 89.36049 1
73.951385 89.33682 1
73.84679 89.32939 1
73.835 89.35856 1
73.82771 89.3766 1
72.938156 87.22651 0
72.86134 87.193924 1
72.819275 87.125694 1
72.694725 87.08222 1
72.61913 87.04414 1
72.318924 87.25674 1
72.267654 87.24448 1
72.22603 87.16674 1
72.15915 87.055145 1
72.14745 87.00994 1
72.19766 87.02452 1
72.16035 86.94627 1
72.13112 86.70902 1
72.12301 86.66458 1
72.0827 86.69228 1
72.07485 86.647545 1
72.136406 86.50905 1
72.13033 86.46525 1
72.089264 86.49141 1
72.12934 86.37194 1
72.12469 86.32852 1
72.08305 86.35354 1
72.152596 86.0457 1
72.22031 85.96758 1
72.26383 85.98656 1
72.4124 86.071304 1
72.474434 86.11838 1
72.518234 86.13363 1
72.90927 86.3716 1
73.06348 86.59802 1
73.05094 86.65535 1
73.09589 86.66113 1
73.140686 86.66635 1
73.00585 86.649 1
72.96063 86.64208 1
72.68084 86.64018 1
73.30403 86.84096 1
73.43344 86.7523 1
73.47727 86.753075 1
73.5209 86.75332 1
73.58844 86.774185 1
73.63164 86.772995 1
73.70482 86.73528 1
73.74723 86.73282 1
74.06815 86.758965 1
74.10864 86.75194 1
74.14886 86.74444 1
74.21272 86.75216 1
74.25228 86.74337 1
74.31546 86.74892 1
74.354324 86.73886 1
74.392876 86.728355 1
74.39349 86.782555 1
74.77337 86.82105 1
74.80924 86.80525 1
74.851746 86.84203 1
76.03052 87.49661 0
76.03092 87.5435 1
76.1243 87.5594 1
76.12593 87.60635 1
76.19379 87.69763 1
76.22893 87.7429 1
76.197784 87.77391 1
76.26817 87.835106 1
76.3392 87.87706 1
76.37757 87.92121 1
76.382126 87.96855 1
76.45672 88.0086 1
76.49391 88.02254 1
76.53522 88.065414 1
76.541466 88.11282 1
76.62024 88.15013 1
76.893875 88.20535 1
77.00795 88.198395 1
77.056206 88.23621 1
77.13475 88.23494 1
77.12227 88.18835 1
77.1637 88.19614 1
77.21357 88.23222 1
77.29265 88.22805 1
77.27853 88.18186 1
77.32051 88.18813 1
77.40874 88.21028 1
77.171936 87.13448 0
77.1111 87.13766 1
77.74251 87.14357 1
77.80608 87.12823 1
77.908905 87.17695 1
77.96121 87.2004 1
78.02646 87.18091 1
78.051865 87.22079 1
78.10569 87.24248 1
78.09306 87.285446 1
78.188484 87.24456 1
78.21505 87.28395 1
78.270584 87.30371 1
78.25813 87.347824 1
78.79973 87.783615 1
78.89511 87.77299 1
79.09938 87.75985 1
79.132675 87.93832 1
79.117035 87.98962 1
79.166466 88.05289 1
79.02999 88.170425 1
78.92825 88.18198 1
78.88091 88.19176 1
78.90903 88.232666 1
78.861374 88.24216 1
78.88916 88.283356 1
78.80362 88.3172 1
78.782364 88.36743 1
78.67973 88.372925 1
78.6317 88.37989 1
78.657295 88.42248 1
78.57021 88.45174 1
78.595085 88.49481 1
78.52194 88.549706 1
78.482925 88.47932 1
78.85744 89.15495 0
78.89763 89.22746 1
78.97257 89.14865 1
78.82086 89.30526 1
78.71893 89.336205 1
78.74226 89.381996 1
78.639305 89.41138 1
78.57135 89.51427 1
78.59314 89.56102 1
79.24324 89.85096 1
79.268814 89.897095 1
79.35493 89.810905 1
79.33864 89.7827 1
79.32858 89.76528 1
79.31233 89.73713 1
79.4223 89.69566 1
79.39523 89.65062 1
79.56596 89.491104 1
79.537445 89.44718 1
79.62506 89.374374 1
79.6139 89.35783 1
79.69978 89.28384 1
79.77247 89.19235 1
79.84312 89.09999 1
79.823746 89.07429 1
79.89194 88.981445 1
79.95807 88.88781 1
79.93789 88.862885 1
80.00157 88.76888 1
80.09717 88.71326 1
80.063194 88.67417 1
80.15738 88.61724 1
80.215515 88.52059 1
80.28529 88.43755 1
80.27158 88.423355 1
80.24942 88.400406 1
80.33951 88.33951 1
80.42877 88.276825 1
80.45176 88.29901 1
80.51718 88.21234 1
80.56628 88.111496 1
80.61326 88.01025 1
80.633766 87.88819 1
80.7162 87.8191 1
80.74095 87.83914 1
80.757065 87.71663 1
80.81151 87.62573 1
80.79584 87.61392 1
80.8369 87.64487 1
80.95121 87.46687 1
80.98462 87.36217 1
81.059006 87.285355 1
81.10527 87.19013 1
81.08863 87.17973 1
81.13296 87.0842 1
81.202995 87.00395 1
81.23051 87.01984 1
81.24753 87.02966 1
81.29395 86.81484 1
81.35976 86.730934 1
81.42425 86.645584 1
81.487404 86.55882 1
81.60254 86.26357 1
81.620766 86.270935 1
81.62986 86.1611 1
81.68518 86.06924 1
81.63687 86.05165 1
81.73901 85.976105 1
81.742386 85.865814 1
81.712166 85.855995 1
81.79286 85.77106 1
81.79233 85.66092 1
81.808716 85.55644 1
81.789764 85.55136 1
81.8042 85.44714 1
81.83932 85.24118 1
81.879326 85.14282 1
81.82898 85.13304 1
81.86715 85.03453 1
81.85303 84.92703 1
81.856346 84.82305 1
81.83698 84.820335 1
81.887695 84.82746 1
81.838425 84.716866 1
81.86948 84.616905 1
81.84787 84.51162 1
81.84387 84.408646 1
81.87539 84.41084 1
81.874084 84.205124 1
81.8963 84.10292 1
81.92793 84.10347 1
81.9475 84.10381 1
81.91675 84.0 1
81.93541 83.89639 1
81.95226 83.792145 1
81.90107 83.79393 1
81.9161 83.68995 1
81.96092 83.583176 1
81.980484 83.5818 1
82.01217 83.57959 1
82.02348 83.473015 1
82.08418 83.36053 1
82.115906 83.35719 1
82.16733 83.35178 1
82.19916 83.34844 1
82.174706 83.24184 1
82.25801 83.23161 1
82.29514 83.11527 1
82.34674 83.108025 1
82.39844 83.10076 1
82.430435 83.09626 1
82.45023 83.093475 1
82.48518 82.97285 1
82.569145 82.95955 1
82.653824 82.82675 1
82.73623 82.690605 1
82.868385 82.54008 1
82.86171 82.41585 1
82.89386 82.408424 1
82.51665 82.73329 1
82.43003 82.633255 1
82.37875 82.64415 1
82.2135 82.679276 1
82.16264 82.690094 1
82.08057 82.707535 1
82.02996 82.71829 1
81.99479 82.616 1
81.97557 82.62043 1
81.9445 82.6276 1
81.89432 82.63919 1
81.86334 82.64634 1
81.81332 82.65789 1
81.78244 82.665016 1
81.76338 82.66942 1
81.51808 82.62419 1
81.46889 82.63646 1
81.38948 82.65625 1
81.34053 82.66846 1
81.304985 82.57853 1
81.28641 82.58351 1
81.25638 82.59156 1
81.207855 82.60456 1
80.9423 82.48898 1
80.69096 82.43043 1
80.64828 82.39947 1
80.54782 82.29964 1
80.501816 82.31683 1
80.45867 82.288475 1
80.25258 82.10663 1
80.20847 82.082085 1
80.1472 82.02189 1
80.14649 81.97762 1
80.10277 81.99895 1
80.05827 81.97662 1
79.99574 81.919945 1
79.95099 81.89922 1
79.819176 81.882996 1
79.77461 81.864426 1
79.3836 81.71773 1
79.40294 81.661224 1
79.33142 81.57958 1
79.34864 81.52214 1
79.251274 81.41382 1
79.21976 81.34583 1
79.18283 81.37628 1
79.027054 81.504684 1
79.004425 81.523346 1
78.98988 82.02104 1
79.008835 82.08316 1
79.01259 82.563065 1
78.98274 82.60912 1
79.020996 82.62325 1
78.9903 82.66863 1
79.0396 82.70977 1
79.10048 83.25564 1
79.06156 83.29318 1
79.07919 83.51231 1
79.07332 83.59539 1
79.81663 83.79998 0
79.862015 83.76379 1
79.893196 83.79597 1
79.95453 83.72347 1
80.031395 83.7181 1
80.121025 83.63946 1
80.168724 83.635284 1
80.24609 83.62852 1
80.31372 83.73616 1
80.345604 83.772255 1
80.359344 83.69517 1
80.40973 83.88452 1
80.39262 83.96167 1
81.09393 84.0 1
81.12441 84.04472 1
81.321396 83.67453 1
81.36835 83.62461 1
81.39929 83.622444 1
81.51745 83.710846 1
81.56787 83.7082 1
81.24948 83.540726 1
81.19977 83.545074 1
81.21457 83.497894 1
81.164955 83.50267 1
81.04511 83.425186 1
81.00951 83.38491 1
80.973625 83.34521 1
80.852295 83.27482 1
80.803635 83.28209 1
80.7672 83.24495 1
80.6454 83.18089 1
79.83731 82.89967 0
80.448425 81.83035 0
80.47352 81.769585 1
80.52028 81.79531 1
80.63217 81.889 1
80.67844 81.91703 1
80.78813 82.01669 1
80.86266 81.98582 1
80.97141 82.09165 1
81.01819 82.0737 1
81.094055 82.04457 1
81.233345 82.095215 1
81.2627 82.08453 1
81.28087 82.07792 1
81.31029 82.067215 1
81.35796 82.04986 1
81.40573 82.03247 1
81.4353 82.02171 1
81.54304 81.87222 1
81.62056 81.84247 1
81.668594 81.82403 1
81.72545 81.68677 1
81.7551 81.67479 1
81.77957 81.546715 1
81.83089 81.40392 1
81.926765 81.236305 1
81.89563 81.12451 1
81.89132 80.99822 1
81.93818 80.97435 1
81.85576 80.88644 1
81.8181 80.77498 1
81.772125 80.80046 1
81.704666 80.706406 1
81.73278 80.69018 1
81.69136 80.580284 1
81.620285 80.48806 1
81.60326 80.498695 1
81.575745 80.51589 1
81.5309 80.40819 1
81.48691 80.43677 1
81.41363 80.348465 1
81.39704 80.35965 1
81.37024 80.37773 1
81.44048 80.330345 1
81.27975 80.30308 1
81.188324 80.23046 1
81.0288 80.210526 1
81.03043 79.92643 1
81.071106 79.8935 1
81.19308 79.942726 1
81.26012 79.89034 1
81.52228 79.98783 1
81.75925 79.96733 1
81.856094 80.05001 1
81.88347 80.03155 1
81.900406 80.02012 1
82.0245 80.08765 1
82.19377 80.1297 1
82.41169 80.29821 1
82.44063 80.281494 1
82.53381 80.37825 1
82.65521 80.461365 1
82.67352 80.45163 1
82.703186 80.43585 1
82.77581 80.547554 1
82.745865 80.56281 1
82.8429 80.8091 1
82.87334 80.79491 1
82.90926 80.9238 1
82.958954 80.90168 1
82.91193 81.06606 1
82.94288 81.19489 1
82.88977 81.35526 1
82.864845 81.5014 1
82.88796 81.62828 1
82.87717 81.76547 1
82.97869 81.8664 1
83.19767 81.79945 1
83.24962 81.78357 1
83.28177 81.77374 1
83.33387 81.75781 1
83.36539 81.60684 1
83.397545 81.59639 1
83.417435 81.589935 1
83.449646 81.57947 1
83.481895 81.568985 1
83.50185 81.5625 1
83.53415 81.552 1
83.735954 81.18434 1
83.788216 81.16532 1
83.84056 81.14626 1
83.89387 80.969826 1
83.92617 80.95743 1
83.94615 80.94975 1
83.978516 80.93733 1
84.048065 80.748375 1
84.080376 80.73531 1
84.16514 80.70107 1
83.95709 80.28954 1
83.98878 80.27477 1
84.00838 80.26563 1
84.091545 80.22685 1
83.9059 80.313416 1
83.68083 80.58028 1
83.6493 80.594315 1
83.62983 80.60298 1
83.444695 80.52848 1
83.425476 80.53744 1
83.39442 80.551926 1
83.12898 80.3676 1
83.11023 80.37716 1
83.004395 80.275696 1
82.98584 80.28556 1
83.1392 79.87818 1
83.16896 79.86099 1
83.21719 79.833145 1
83.007355 79.78956 1
82.989204 79.80046 1
82.959854 79.81809 1
82.87474 79.704185 1
82.85682 79.715385 1
82.82786 79.73348 1
82.47085 79.63535 1
82.32118 79.57386 1
82.29355 79.59321 1
82.24889 79.62447 1
81.941864 79.522484 1
81.89869 79.55502 1
81.72525 79.52695 1
81.527336 79.52405 1
81.4858 79.557686 1
81.35694 79.50499 1
81.31617 79.5392 1
81.14797 79.52493 1
81.12329 79.54639 1
81.108055 79.55963 1
80.9571 79.536606 1
80.81624 79.50879 1
80.75422 79.56662 1
80.55468 79.60159 1
80.53157 79.62391 1
80.43182 79.56818 1
80.37256 79.62744 1
80.21542 79.6348 1
80.17969 79.67181 1
80.10003 79.7543 1
80.003746 79.706505 1
79.968925 79.74385 1
79.872955 79.69865 1
79.72272 79.71751 1
79.702156 79.74116 1
79.68946 79.75575 1
79.5119 79.66316 1
79.492256 79.68742 1
79.478745 79.54741 1
79.52931 79.48268 1
79.58004 79.417755 1
79.61147 79.377525 1
79.69919 79.431885 1
79.71149 79.4167 1
79.7314 79.39211 1
79.763664 79.352264 1
79.78364 79.3276 1
79.88503 79.369995 1
79.91814 79.33055 1
79.97183 79.266556 1
79.95383 79.11743 1
79.98653 79.07705 1
80.150925 79.2249 1
80.16396 79.20991 1
80.12985 79.24914 1
79.77364 78.9922 1
79.785576 78.97637 1
79.70397 79.08466 1
79.6921 79.10042 1
79.67291 79.125885 1
79.64191 79.16702 1
79.51966 79.155594 1
79.43104 79.44686 1
79.1638 79.30946 1
79.100555 79.403244 1
79.02684 79.51253 1
79.03747 79.58046 1
78.981476 79.57979 1
78.93625 79.64684 1
78.963326 79.68833 1
78.97226 79.75517 1
78.94374 79.795906 1
78.917694 79.75473 1
78.9404 79.95288 1
78.96438 79.993866 1
79.00381 80.085365 1
79.02626 80.126564 1
79.056625 80.0877 1
79.07892 80.12927 1
79.1654 80.160065 1
79.218414 80.16444 1
79.25023 80.126526 1
79.39016 80.10007 1
79.42283 80.062485 1
79.44305 80.03922 1
79.49793 80.04631 1
79.55298 80.05402 1
79.58648 80.016815 1
79.67659 80.05734 1
79.82295 80.04122 1
79.844604 80.0188 1
80.08508 80.055084 1
80.12161 80.0198 1
80.236465 80.04943 1
80.328186 80.10288 1
80.520546 80.07035 1
80.54451 80.04952 1
80.64633 79.961006 1
80.7651 80.00161 1
80.80481 79.968285 1
80.83372 80.4881 1
80.76665 80.53683 1
80.72531 80.566864 1
80.658585 80.61534 1
80.70103 80.708305 1
80.74272 80.67911 1
80.80994 80.75566 1
80.78383 80.77326 1
81.00461 80.74997 1
81.04768 80.722 1
81.11754 80.676636 1
80.988464 80.507034 1
80.484886 80.74154 1
80.37824 80.819016 1
80.41739 80.90691 1
80.33621 81.019806 1
80.346245 81.06842 1
80.35494 81.17187 1
80.65381 81.367004 1
80.703705 81.3927 1
80.77479 81.353294 1
80.89225 81.39874 1
80.89029 81.28927 1
81.00638 81.22492 1
81.078415 81.18499 1
81.123055 81.16025 1
80.359726 81.68189 0
80.28938 81.71929 1
80.29196 81.620926 1
80.24456 81.59854 1
80.23972 81.55219 1
80.19713 81.57678 1
80.17029 81.49423 1
80.12818 81.51953 1
80.12237 81.47381 1
80.080536 81.49944 1
80.05207 81.41855 1
80.010735 81.44488 1
79.96292 81.42645 1
79.84443 81.357796 1
79.79654 81.34164 1
79.779465 81.40244 1
79.73204 81.386795 1
79.661575 81.33971 1
79.61413 81.32568 1
79.67728 81.27896 1
79.72521 81.29347 1
79.67092 81.08002 1
79.633804 81.004524 1
79.645004 80.94148 1
79.66512 80.81396 1
79.61444 80.802216 1
79.67403 80.7495 1
79.710945 80.71683 1
79.725235 80.7617 1
79.71886 80.65153 1
79.67367 80.57425 1
79.7323 80.51958 1
79.653435 80.409775 1
79.441605 80.37331 1
79.38901 80.36574 1
79.35537 80.40181 1
79.26761 80.49592 1
79.213585 80.553856 1
79.15972 80.61161 1
79.13275 80.52073 1
79.18569 80.46193 1
79.39065 80.66802 1
79.299446 80.757645 1
79.87121 81.02952 1
79.934616 80.87027 1
79.97337 80.83943 1
79.985886 80.88588 1
80.02496 80.855354 1
80.07661 80.87192 1
80.712326 79.12024 0
80.73504 79.09672 1
80.74909 79.08217 1
80.94139 79.05861 1
81.00242 78.997574 1
81.2137 78.96518 1
81.23761 78.94209 1
81.41328 78.95204 1
81.56562 78.98869 1
81.59053 78.96626 1
81.60594 78.95239 1
81.769295 78.98483 1
81.810455 78.94905 1
82.2165 78.96597 1
82.243 78.94451 1
82.42774 78.978096 1
82.45475 78.95699 1
82.73021 78.92842 1
82.75782 78.907616 1
83.25855 78.9175 1
83.27629 78.90508 1
83.35157 78.85237 1
83.38039 78.8322 1
83.47382 78.76677 1
83.50276 78.746506 1
83.90192 78.67009 1
83.931564 78.65009 1
83.9499 78.63772 1
83.9796 78.61769 1
84.38335 78.7615 1
84.40228 78.74967 1
84.55464 78.85985 1
84.5857 78.84119 1
84.643936 78.59866 1
84.72493 78.548065 1
84.51315 78.039024 1
84.5317 78.02604 1
84.56174 78.005005 1
84.336105 77.71829 1
84.28876 77.753975 1
84.25953 77.776 1
84.212296 77.811584 1
84.18315 77.83356 1
83.89558 77.8313 1
83.87793 77.845085 1
83.73043 77.74002 1
83.71306 77.75408 1
83.68498 77.776825 1
83.33754 77.621574 1
83.293686 77.6597 1
83.08186 77.84383 1
83.06528 77.85825 1
83.038445 77.88157 1
82.92051 77.768745 1
82.904205 77.783424 1
82.946915 77.74497 1
82.95796 77.28078 1
82.99977 77.2404 1
82.57532 77.42468 1
82.55023 77.44977 1
82.45808 77.763504 1
82.4328 77.78791 1
82.15405 77.62729 1
82.13902 77.64286 1
82.114716 77.66802 1
82.075455 77.70868 1
82.01207 77.77432 1
81.94886 77.839775 1
81.88583 77.90504 1
81.74327 77.39312 1
81.780365 77.35045 1
82.06554 77.263535 1
82.10373 77.221115 1
82.12737 77.19486 1
82.16568 77.15233 1
82.18938 77.126 1
82.20404 77.10971 1
82.22779 77.08334 1
82.266266 77.04061 1
81.63457 76.78808 1
81.599396 76.8331 1
81.499725 76.70162 1
81.429855 77.29468 1
81.40799 77.32169 1
81.1921 77.354416 1
81.178955 77.37125 1
81.1577 77.398445 1
80.94607 77.43635 1
80.287605 76.86423 0
79.85985 76.74069 1
79.84374 76.77098 1
79.26638 76.995224 1
79.25756 77.01414 1
79.09404 77.05068 1
78.924835 77.10952 1
78.86954 77.2398 1
78.84848 77.2894 1
78.51449 77.09149 1
78.53296 77.04076 1
78.40025 77.02917 1
78.30867 77.29512 1
78.28056 77.37678 1
78.38884 77.43671 1
78.377594 77.46761 1
78.08522 77.17955 1
77.76129 76.93584 1
77.795456 76.798805 1
77.622795 76.9709 1
77.61819 76.990875 1
77.61073 77.02316 1
77.60329 77.05541 1
77.59869 77.075325 1
77.579254 77.15952 1
77.46386 77.11307 1
77.44594 77.197395 1
77.31446 77.23766 1
77.31059 77.25755 1
77.31375 77.81929 1
77.42865 77.811844 1
76.66208 77.70074 0
76.54645 77.754105 1
76.43289 77.80942 1
76.323105 77.83474 1
76.31874 77.918144 1
76.31604 77.96956 1
76.21143 77.94532 1
76.20964 77.99671 1
76.101395 78.19121 1
76.100845 78.2227 1
76.1005 78.24215 1
76.09995 78.273575 1
76.0 78.25328 1
75.77997 77.69911 1
75.77703 77.61497 1
75.56329 77.75485 1
75.56468 77.77461 1
75.04257 77.955055 1
74.919266 77.870865 1
74.802574 77.83977 1
74.79879 77.8203 1
74.766624 77.65481 1
74.76045 77.623085 1
74.75664 77.60346 1
74.50604 77.52895 1
74.49872 77.49725 1
74.47952 77.41411 1
74.36783 77.45374 1
74.34714 77.37071 1
74.334305 77.319275 1
74.3855 77.00682 1
74.37342 76.95453 1
74.36595 76.92216 1
74.20354 76.79477 1
74.05869 76.75493 1
73.74338 76.61892 1
73.7175 76.53427 1
73.564125 76.50314 1
73.55363 76.47084 1
73.547134 76.45086 1
73.53662 76.4185 1
73.519585 76.36606 1
73.18616 76.26903 1
73.178894 76.249084 1
73.16714 76.21678 1
73.14809 76.16444 1
72.98413 76.14339 1
72.97175 76.11112 1
72.951675 76.05884 1
72.939255 76.02648 1
72.77148 76.009125 1
72.75039 75.956924 1
72.37967 75.8686 1
72.365395 75.83654 1
72.2143 75.881546 1
72.205124 75.86186 1
71.82969 75.81531 1
71.60665 75.73732 1
71.59633 75.7179 1
71.234436 75.745804 1
71.22339 75.72667 1
71.176506 75.64546 1
71.15857 75.61439 1
71.14747 75.59517 1
70.922966 75.55041 1
70.911476 75.53128 1
70.733475 75.57179 1
70.72162 75.55283 1
70.70244 75.522125 1
70.83355 75.73196 1
70.99433 75.98926 1
71.127884 75.89144 1
71.14625 75.922005 1
71.1724 76.27422 1
71.20264 76.32262 1
71.02839 76.62928 1
71.06008 76.67627 1
71.07964 76.70527 1
70.85549 76.65288 1
70.83532 76.62407 1
70.822845 76.606255 1
70.80966 76.305 1
70.77753 76.25737 1
70.757645 76.22789 1
70.57712 76.25532 1
70.58834 75.97688 1
70.403046 76.00672 1
70.3824 75.977234 1
70.36963 75.95899 1
70.022125 76.06709 1
70.00035 76.03819 1
69.98688 76.020325 1
69.83475 76.10883 1
69.68387 76.200226 1
69.646904 76.15458 1
69.32362 76.3197 1

60.13887 68.22357 0
60.42081 68.22357 0
60.226227 68.62192 1
60.19843 68.678825 1
60.17063 68.73573 1
60.142834 68.79264 1
60.70275 68.22357 0
60.202393 69.247894 1
60.174595 69.3048 1
60.146797 69.36171 1
60.98469 68.22357 0
60.206356 69.81696 1
60.17856 69.87387 1
60.15076 69.93078 1
61.266632 68.22357 0
60.21032 70.38603 1
60.182518 70.44294 1
60.154724 70.49985 1
61.54857 68.22357 0
61.465176 68.394295 1
61.437378 68.4512 0
60.21428 70.9551 1
60.18648 71.01201 1
60.158684 71.06892 1
61.830505 68.22357 0
61.52473 68.84955 0
60.21824 71.52417 1
60.19044 71.58108 1
60.162643 71.637985 1
62.112442 68.22357 0
61.80667 68.84955 0
61.473095 69.53243 1
61.3897 69.70315 0
60.722557 71.06892 1
60.2222 72.09324 0
60.1944 72.15015 0
60.166603 72.207054 0
62.39438 68.22357 0
62.060806 68.906456 0
61.810627 69.41862 1
61.64384 69.760056 0
61.226875 70.61366 1
60.22616 72.66231 0
60.19836 72.719215 0
60.170563 72.77612 0
60.142765 72.83303 0
62.676315 68.22357 0
61.925777 69.760056 0
61.814587 69.987686 1
61.6478 70.329124 0
61.620003 70.38603 1
60.202316 73.288284 0
60.17452 73.34519 0
60.14672 73.4021 0
62.95825 68.22357 0
62.20771 69.760056 0
62.179913 69.81696 1
60.206276 73.85735 0
60.17848 73.91426 0
60.15068 73.97116 0
63.24018 68.22357 0
60.21023 74.42642 0
60.182434 74.48332 0
60.154636 74.54023 0
63.522114 68.22357 0
60.214184 74.99548 0
60.186386 75.05239 0
60.15859 75.1093 0
63.804047 68.22357 0
60.21814 75.56456 0
60.190342 75.62146 0
60.162544 75.67837 0
64.085976 68.22357 0
60.22209 76.13363 0
60.194294 76.19053 0
60.166496 76.24744 0
64.367905 68.22357 0
60.226044 76.70269 0
60.19825 76.7596 0
60.17045 76.816505 0
60.14265 76.87341 0
64.64983 68.22357 0
60.229996 77.27176 0
60.202198 77.32867 0
60.1744 77.385574 0
60.146603 77.44248 0
64.93176 68.22357 0
60.20615 77.897736 0
60.178352 77.95464 0
60.150555 78.01155 0
65.21369 68.22357 0
60.210102 78.466805 0
60.182304 78.52371 0
60.154507 78.58062 0
65.49562 68.22357 0
60.214058 79.03587 0
60.18626 79.09278 0
60.158463 79.14969 0
65.77755 68.22357 0
60.218018 79.60494 0
60.19022 79.66185 0
60.162422 79.71876 0
66.05949 68.22357 0
60.221985 80.17401 0
60.194183 80.23092 0
60.166386 80.28783 0
66.34143 68.22357 0
60.781906 79.60494 0
60.61512 79.94638 1
60.225952 80.74308 0
60.198154 80.79999 0
60.170357 80.85689 0
60.14256 80.913795 0
66.623375 68.22357 0
60.98046 79.775665 0
60.841473 80.060196 1
60.229923 81.31215 0
60.202126 81.36905 0
60.174328 81.425964 0
60.14653 81.482864 0
66.90532 68.22357 0
60.901043 80.51545 0
60.845448 80.629265 1
60.2061 81.938126 0
60.178303 81.995026 0
60.150505 82.05193 0
67.18727 68.22357 0
60.21008 82.50719 0
60.18228 82.564095 0
60.154484 82.621 0
67.46923 68.22357 0
60.214066 83.07626 0
60.186268 83.13316 0
60.15847 83.19007 0
67.75119 68.22357 0
60.218052 83.645325 0
60.190254 83.70223 0
60.162457 83.75914 0
68.03316 68.22357 0
60.222046 84.21439 0
60.19425 84.2713 0
60.16645 84.32821 0
68.315125 68.22357 0
60.226044 84.78346 0
60.198246 84.84037 0
60.17045 84.89728 0
60.14265 84.954185 0
68.5971 68.22357 0
60.202244 85.40944 0
60.174446 85.46635 0
60.14665 85.523254 0
68.879074 68.22357 0
60.20625 85.97851 0
60.17845 86.035416 0
60.150654 86.09232 0
69.16106 68.22357 0
60.21026 86.54758 0
60.18246 86.604485 0
60.154663 86.66139 0
69.44304 68.22357 0
66.05177 75.16621 0
65.91279 75.450745 1
65.884995 75.50765 0
65.85719 75.56456 1
65.8294 75.62146 0
65.8016 75.67837 1
65.746 75.79218 0
65.301254 76.70269 1
60.21427 87.116646 0
60.186474 87.17355 0
60.158676 87.23046 0
69.72503 68.22357 0
65.55544 76.7596 0
65.30527 77.27176 1
60.21829 87.685715 0
60.19049 87.74262 0
60.162693 87.79953 0
70.00702 68.22357 0
65.50387 77.44248 0
65.30929 77.84083 1
60.22231 88.25478 0
60.19451 88.31169 0
60.166714 88.36859 0
60.138916 88.4255 0
70.28902 68.22357 0
65.5079 78.01155 0
65.34111 78.35299 1
60.226334 88.82385 0
60.198536 88.88075 0
60.17074 88.93766 0
60.14294 88.99457 0
70.57102 68.22357 0
65.42853 78.75134 0
65.317345 78.978966 1
60.202564 89.44983 0
60.174767 89.50673 0
60.14697 89.56364 0
70.85303 68.22357 0
65.51595 79.14969 0
65.37697 79.43422 1
60.206596 90.01889 0
60.1788 90.0758 0
60.151 90.132706 0
71.13503 68.22357 0
65.492195 79.775665 0
65.381004 80.00329 1
60.210632 90.58797 0
60.182835 90.64487 0
60.155037 90.701775 0
71.417046 68.22357 0
68.8597 73.459 0
68.80411 73.572815 1
65.57963 80.17401 0
65.44064 80.45854 1
60.214672 91.15703 0
60.186874 91.213936 0
60.159077 91.27084 0
71.699066 68.22357 0
69.08612 73.572815 0
69.00273 73.74354 1
65.63927 80.629265 0
65.50028 80.913795 1
60.21872 91.7261 0
60.19092 91.783005 0
60.163124 91.83991 0
71.98109 68.22357 0
69.45154 73.4021 0
69.25696 73.800446 1
67.950485 76.47507 0
67.867096 76.64578 1
65.698906 81.08452 0
65.55992 81.36905 1
60.250565 92.23826 0
60.222767 92.295166 1
60.19497 92.35207 1
60.16717 92.40898 1
60.139374 92.46589 1
72.26311 68.22357 0
69.789154 73.288284 0
69.76136 73.34519 1
69.67797 73.51591 0
69.511185 73.85735 1
68.26031 76.41816 0
68.06573 76.816505 1
65.786354 81.482864 0
65.702965 81.65359 1
60.36581 92.579704 0
60.22682 92.864235 1
60.199024 92.92114 1
60.171227 92.97805 1
60.14343 93.03496 1
72.54514 68.22357 0
70.07118 73.288284 0
69.79321 73.85735 1
68.65353 76.19053 0
68.264366 76.98723 1
60.56445 92.75042 0
60.20308 93.49021 1
60.17528 93.54712 1
60.147484 93.60402 1
72.82717 68.22357 0
70.26983 73.459 0
70.07525 73.85735 1
69.07455 75.906 0
68.62979 76.816505 1
66.016846 82.16575 0
65.90566 82.39337 1
60.763096 92.92114 0
60.20714 94.05928 1
60.179344 94.11618 1
60.151546 94.173096 1
73.10921 68.22357 0
70.635254 73.288284 0
70.38508 73.800446 1
69.189804 76.24744 0
68.85623 76.93032 1
60.87835 93.26258 0
60.211205 94.62835 1
60.183407 94.68526 1
60.15561 94.74216 1
73.39125 68.22357 0
70.83391 73.459 0
70.63933 73.85735 1
69.722015 75.735275 0
69.69422 75.79218 1
69.527435 76.13362 0
69.221664 76.7596 1
68.72131 77.78392 0
68.637924 77.95464 1
66.21957 82.90554 0
66.108376 83.13316 1
61.1048 93.376396 0
60.215275 95.19742 1
60.187477 95.25432 1
60.15968 95.31123 1
73.673294 68.22357 0
71.11595 73.459 0
70.92137 73.85735 1
70.059654 75.62146 0
70.00406 75.735275 1
69.865074 76.01981 0
69.6149 76.531975 1
68.80878 78.182274 0
68.66979 78.466805 1
66.33482 83.24698 0
66.251434 83.4177 1
61.331257 93.49021 0
60.21935 95.76649 1
60.19155 95.823395 1
60.163754 95.880295 1
73.955345 68.22357 0
71.4536 73.34519 0
71.20342 73.85735 1
70.11932 76.07672 0
69.98034 76.36125 1
69.81356 76.70269 0
69.3966 77.5563 1
69.03523 78.29608 0
68.95184 78.466805 1
66.47789 83.53151 0
66.3667 83.75914 1
61.52992 93.660934 0
60.223427 96.335556 1
60.195625 96.392456 1
60.167828 96.44936 1
60.14003 96.50627 1
74.2374 68.22357 0
71.73565 73.34519 0
71.513275 73.800446 1
70.65156 75.56456 0
70.59596 75.67837 1
70.42918 76.01981 0
70.34579 76.19053 1
70.12341 76.64578 0
69.62306 77.670105 1
66.59316 83.872955 0
66.45418 84.157486 1
61.700787 93.88856 0
60.22751 96.90462 1
60.19971 96.961525 1
60.171913 97.01843 1
60.14411 97.07535 1
74.519455 68.22357 0
72.01771 73.34519 0
71.82313 73.74354 1
70.90582 75.62146 0
70.87802 75.67837 1
70.73904 75.962906 0
70.627846 76.19053 1
70.40547 76.64578 0
69.76613 77.95464 1
66.76403 84.10058 0
66.56945 84.49893 1
61.84386 94.173096 0
60.203796 97.5306 1
60.176 97.58751 1
60.1482 97.64442 1
74.80152 68.22357 0
72.299774 73.34519 0
72.13299 73.68663 1
71.0211 75.962906 0
70.90991 76.19053 1
70.68753 76.64578 0
69.9926 78.06846 1
66.87931 84.442024 0
66.76812 84.66965 1
62.209324 94.00237 0
62.15373 94.11618 1
62.12593 94.173096 0
62.098133 94.229996 1
62.042538 94.34381 0
60.207886 98.099686 1
60.180088 98.1566 1
60.15229 98.2135 1
75.0836 68.22357 0
72.58185 73.34519 0
72.41507 73.68663 1
71.41437 75.735275 0
71.191986 76.19053 1
70.94181 76.70269 0
70.886215 76.816505 1
70.691635 77.21485 0
70.191284 78.23918 1
69.829926 78.978966 0
69.802124 79.03587 1
67.0224 84.726555 0
66.91121 84.954185 1
62.29682 94.40072 0
60.21199 98.66878 1
60.184193 98.725685 1
60.156395 98.78259 1
75.36569 68.22357 0
72.89174 73.288284 0
72.66936 73.74354 1
71.69646 75.735275 0
71.44628 76.24744 1
71.14051 76.87341 0
71.084915 76.98723 1
70.94593 77.27176 0
70.417786 78.353 1
70.05642 79.09278 0
70.000824 79.2066 1
67.165504 85.01109 0
67.02652 85.29562 1
62.55112 94.45763 0
60.21611 99.23786 1
60.188313 99.29477 1
60.160515 99.351685 1
75.6478 68.22357 0
73.11825 73.40209 0
72.95146 73.74354 1
71.922966 75.84909 0
71.67279 76.36125 1
71.28363 77.15794 0
70.67209 78.4099 1
70.255135 79.2635 0
70.22733 79.320404 1
67.336426 85.238716 0
67.16964 85.580154 1
62.72204 94.68526 0
60.220245 99.806946 1
60.192444 99.86386 1
75.92992 68.22357 0
73.37257 73.45901 0
73.177986 73.85735 1
72.177284 75.906 0
71.92711 76.41816 1
71.48235 77.328674 0
70.95421 78.4099 1
67.47955 85.523254 0
67.34057 85.807785 1
62.948563 94.79907 0
60.502365 99.80695 1
60.474567 99.86386 1
76.212036 68.22357 0
73.59909 73.572815 0
73.37672 74.028076 1
72.459404 75.906 0
72.181435 76.47507 1
71.4587 77.95464 0
71.34752 78.182274 1
67.65048 85.750885 0
67.5115 86.035416 1
63.175095 94.91289 0
60.78449 99.80695 1
60.75669 99.86386 1
76.494156 68.22357 0
73.853424 73.62972 0
73.54765 74.2557 1
72.685936 76.01981 0
72.43576 76.531975 1
67.82142 85.97851 0
67.682434 86.26305 1
63.346035 95.14051 0
61.06662 99.80695 1
61.038822 99.86386 1
76.77629 68.22357 0
74.079956 73.74354 0
73.74639 74.42642 1
72.912476 76.13363 0
72.6623 76.64579 1
67.99236 86.20614 0
67.85338 86.49067 1
63.628166 95.14051 0
61.348755 99.80695 1
61.320957 99.86386 1
77.058426 68.22357 0
74.3065 73.85735 0
73.88954 74.71095 1
73.16681 76.19054 0
72.86104 76.816505 1
68.16331 86.43376 0
68.13551 86.49067 1
68.10771 86.54758 0
67.99652 86.77521 1
63.854713 95.254326 0
61.630894 99.80695 1
61.603096 99.86386 1
77.34056 68.22357 0
74.56084 73.91426 0
74.0049 75.0524 1
73.365555 76.36125 0
73.03199 77.044136 1
68.33426 86.66139 0
68.16747 87.00284 1
64.025665 95.48195 0
61.91304 99.80695 1
61.885242 99.86386 1
77.62271 68.22357 0
74.78739 74.028076 0
74.342636 74.93858 1
74.28704 75.0524 0
74.120255 75.39384 1
73.564316 76.531975 0
73.20295 77.27176 1
68.50522 86.88902 0
68.36623 87.17355 1
64.22443 95.65267 0
62.19519 99.80695 1
62.167393 99.86386 1
77.90486 68.22357 0
74.93056 74.31261 0
74.56919 75.0524 1
74.5414 75.10931 0
74.34682 75.50765 1
73.79087 76.64579 0
73.346115 77.5563 1
68.62058 87.23046 0
68.53719 87.401184 1
64.45098 95.76649 0
62.47735 99.80695 1
62.449547 99.86386 1
78.18701 68.22357 0
75.18491 74.369514 0
74.57337 75.62147 1
73.98963 76.816505 0
73.71166 77.385574 1
68.79155 87.458084 0
68.68036 87.685715 1
68.06882 88.93767 0
67.957634 89.16529 1
64.67755 95.8803 0
62.759506 99.80695 1
62.73171 99.86386 1
78.46918 68.22357 0
75.38368 74.54024 0
74.827736 75.678375 1
74.1884 76.98723 0
73.88263 77.613205 1
68.99032 87.62881 0
68.79574 88.02715 1
68.32318 88.99457 0
68.1564 89.33601 1
64.87632 96.05102 0
63.04167 99.80695 1
63.013874 99.86386 1
78.75134 68.22357 0
75.72144 74.42642 0
75.054306 75.79218 1
74.30379 77.328674 0
74.081406 77.78393 1
69.18909 87.79953 0
68.93892 88.31169 1
68.54975 89.10838 0
68.35517 89.50673 1
65.075096 96.22174 0
63.32384 99.80695 1
63.296043 99.86386 1
79.03351 68.22357 0
75.92022 74.59714 0
75.670044 75.10931 1
75.64225 75.166214 0
75.28088 75.906 1
74.47476 77.5563 0
74.25239 78.01155 1
69.36007 88.02715 0
69.054306 88.65313 1
68.831924 89.10838 0
68.58175 89.620544 1
65.32947 96.27865 0
63.606018 99.80695 1
63.57822 99.86386 1
79.31569 68.22357 0
76.09121 74.82477 0
75.952225 75.10931 1
75.78544 75.450745 0
75.53526 75.962906 1
74.673546 77.72702 0
74.39558 78.29609 1
69.55885 88.197876 0
69.22529 88.88076 1
69.1141 89.10838 0
68.808334 89.73436 1
65.55605 96.39246 0
63.8882 99.80695 1
63.8604 99.86386 1
79.59787 68.22357 0
76.317795 74.93858 0
76.2622 75.0524 1
74.84454 77.95464 0
74.62216 78.4099 1
69.757645 88.36859 0
69.00712 89.90508 1
65.72704 96.62009 0
64.17038 99.80695 1
64.142586 99.86386 1
79.88005 68.22357 0
76.46099 75.223114 0
76.4332 75.28002 1
75.905045 76.36125 0
75.87725 76.41816 1
75.07113 78.06846 0
74.90434 78.4099 1
74.82095 78.58062 0
74.737564 78.75134 1
69.87305 88.71004 0
69.62287 89.2222 1
69.567276 89.33601 0
69.20591 90.075806 1
68.81675 90.8725 0
68.70556 91.10013 1
65.953636 96.7339 0
64.452576 99.80695 1
64.424774 99.86386 1
80.16224 68.22357 0
75.26993 78.23918 0
75.15874 78.466805 1
70.09964 88.82385 0
69.43251 90.18962 1
69.04334 90.98631 0
68.98775 91.10013 1
66.18023 96.84772 0
64.734764 99.80695 1
64.70697 99.86386 1
80.444435 68.22357 0
76.135864 77.044136 0
76.08027 77.15795 1
70.32624 88.93767 0
69.603516 90.417244 1
69.32554 90.98631 0
69.24215 91.15703 1
66.37903 97.01843 0
65.01697 99.80695 1
64.98917 99.86386 1
80.72664 68.22357 0
70.55284 89.05148 0
69.80232 90.58797 1
69.57994 91.04322 0
69.524345 91.15703 1
66.577835 97.189156 0
65.299164 99.80695 1
65.27137 99.86386 1
81.008835 68.22357 0
70.77945 89.16529 0
70.00113 90.75868 1
69.862144 91.04322 0
69.75095 91.27084 1
66.832245 97.24606 0
65.58137 99.80695 1
65.55357 99.86386 1
81.29104 68.22357 0
72.28473 86.66139 0
72.22913 86.77521 1
70.95046 89.39292 0
70.70029 89.90508 1
70.64469 90.01889 0
70.005356 91.32775 1
67.05885 97.35988 0
65.86357 99.80695 1
65.83577 99.86386 1
81.57324 68.22357 0
72.53914 86.7183 0
72.28896 87.23046 1
71.204865 89.44983 0
70.20417 91.498474 1
67.28545 97.473694 0
66.17357 99.750046 1
66.14577 99.80695 0
66.11797 99.86386 0
81.85544 68.22357 0
72.821335 86.7183 0
72.45998 87.458084 1
71.459274 89.50673 0
70.45857 91.55538 1
67.53986 97.5306 0
66.51136 99.63622 1
66.42797 99.80695 0
66.40018 99.86386 0
82.13764 68.22357 0
73.075745 86.77521 0
72.65878 87.62881 1
71.68588 89.620544 0
70.68518 91.6692 1
67.794266 97.58751 0
66.821365 99.579315 1
66.710175 99.80695 0
66.68237 99.86386 0
82.419846 68.22357 0
73.35794 86.77521 0
72.88539 87.74262 1
71.91248 89.73436 0
70.93958 91.7261 1
68.04867 97.64442 0
67.15916 99.4655 1
66.99237 99.80695 0
66.96458 99.86386 0
82.70204 68.22357 0
73.66794 86.7183 0
73.13979 87.79953 1
72.19469 89.73436 0
71.583145 90.98631 1
71.471954 91.21394 0
71.193985 91.783005 1
68.24748 97.81514 0
67.496956 99.351685 1
67.274574 99.80695 0
67.24678 99.86386 0
82.984245 68.22357 0
73.95014 86.7183 0
73.394196 87.85644 1
72.28231 90.132706 0
71.86535 90.98631 1
71.75416 91.21394 0
71.44839 91.83991 1
68.501884 97.872055 0
67.83475 99.23786 1
67.55678 99.80695 0
67.52898 99.86386 0
83.26645 68.22357 0
74.204544 86.77521 0
73.620804 87.970245 1
72.56451 90.132706 0
72.23094 90.81559 1
71.98077 91.32775 0
71.674995 91.95373 1
70.72989 93.888565 0
70.6465 94.05928 1
68.72849 97.98587 0
68.144745 99.180954 1
67.838974 99.80695 0
67.81118 99.86386 0
83.548645 68.22357 0
74.48675 86.77521 0
73.875206 88.02715 1
72.84671 90.132706 0
72.513145 90.81559 1
72.23517 91.38466 0
71.9016 92.06754 1
71.06769 93.77475 0
70.9009 94.11619 1
68.95509 98.099686 0
68.45474 99.12405 1
68.12118 99.80695 0
68.09338 99.86386 0
83.83085 68.22357 0
74.74115 86.832115 0
74.101814 88.14097 1
72.96213 90.47415 0
72.85094 90.70178 1
72.51737 91.38466 0
72.12821 92.18136 1
71.349884 93.77475 0
71.155304 94.173096 1
69.2373 98.099686 0
68.736946 99.12405 1
68.40338 99.80695 0
68.37558 99.86386 0
84.11305 68.22357 0
84.00186 68.4512 1
75.02335 86.832115 0
74.30063 88.31169 1
73.49451 89.96199 0
73.466705 90.01889 1
72.71618 91.55538 0
72.35482 92.295166 1
71.63209 93.77475 0
71.38191 94.28691 1
69.5195 98.099686 0
69.01915 99.12405 1
68.685585 99.80695 0
68.65778 99.86386 0
84.39525 68.22357 0
84.08948 68.84955 1
75.277756 86.88902 0
74.499435 88.48241 1
72.91499 91.7261 0
72.58142 92.40898 1
71.91429 93.77475 0
71.63632 94.34381 1
69.8017 98.099686 0
69.301346 99.12405 1
68.96778 99.80695 0
68.93999 99.86386 0
84.67745 68.22357 0
84.2327 69.13409 1
79.64615 78.52371 0
78.95122 79.94638 1
75.532166 86.94592 0
74.67045 88.71004 1
73.1138 91.89682 0
72.80803 92.5228 1
72.1409 93.888565 0
71.890724 94.40073 1
70.05611 98.1566 0
69.58355 99.12405 1
69.249985 99.80695 0
69.22218 99.86386 0
84.959656 68.22357 0
84.375916 69.41862 1
80.01175 78.353 0
79.177826 80.060196 1
75.758766 87.05974 0
74.758064 89.10838 1
73.3682 91.95373 0
73.00684 92.69351 1
72.423096 93.888565 0
72.11733 94.514534 1
70.366104 98.099686 0
69.86575 99.12405 1
69.53219 99.80695 0
69.50439 99.86386 0
85.24185 68.22357 0
85.01948 68.67883 0
84.991684 68.73574 1
84.93609 68.84955 0
84.49133 69.76006 1
80.377335 78.182274 0
79.48782 80.00329 1
76.01317 87.116646 0
74.87348 89.44983 1
73.59481 92.06754 0
73.261246 92.75043 1
72.677505 93.945465 0
72.34393 94.62835 1
70.53712 98.32732 0
70.120155 99.180954 1
69.814384 99.80695 0
69.78659 99.86386 0
85.524055 68.22357 0
85.023705 69.2479 0
84.99591 69.3048 1
80.68734 78.12537 0
79.57545 80.40164 1
76.21198 87.28737 0
74.961105 89.848175 1
73.84921 92.12445 0
73.487854 92.864235 1
72.93191 94.00237 0
72.59834 94.68526 1
70.79152 98.38423 0
70.37456 99.23786 1
70.09659 99.80695 0
70.068794 99.86386 0
85.80626 68.22357 0
84.91675 70.04459 0
84.80556 70.272224 1
81.05293 77.95464 0
80.4136 79.263504 1
80.27461 79.548035 0
79.74646 80.629265 1
79.718666 80.68617 0
79.690865 80.74308 1
76.43858 87.401184 0
75.13212 90.075806 1
74.10362 92.18136 0
73.742256 92.92114 1
73.158516 94.11619 0
72.852745 94.742165 1
71.04592 98.44115 0
70.65676 99.23786 1
70.37879 99.80695 0
70.35099 99.86386 0
86.088455 68.22357 0
85.226746 69.987686 0
85.115555 70.21532 1
81.390724 77.840836 0
80.77919 79.09278 1
80.55681 79.548035 0
79.91747 80.856895 1
79.80628 81.08452 0
79.75069 81.19833 1
76.47061 87.913345 0
75.247536 90.417244 1
74.441414 92.06754 0
74.02446 92.92114 1
73.41292 94.173096 0
73.10715 94.79907 1
71.35592 98.38423 0
70.88337 99.351685 1
70.66099 99.80695 0
70.633194 99.86386 0
86.37066 68.22357 0
85.14758 70.72748 0
85.11978 70.784386 1
81.75632 77.67011 0
81.72852 77.72702 1
81.70072 77.78393 0
81.11698 78.978966 1
80.866806 79.49113 0
80.61663 80.00329 1
80.283066 80.68617 0
80.060684 81.141426 1
76.641624 88.14097 0
75.19617 91.10013 1
74.695816 92.12445 0
74.27886 92.97805 1
73.66732 94.23 0
73.305954 94.96979 1
71.49914 98.66878 0
71.16557 99.351685 1
70.94319 99.80695 0
70.9154 99.86386 0
86.65286 68.22357 0
82.066315 77.613205 0
81.399185 78.978966 1
81.14901 79.49113 0
80.926636 79.94638 1
80.59306 80.629265 0
80.2039 81.425964 1
76.86823 88.25478 0
75.339386 91.38466 1
74.97802 92.12445 0
74.561066 92.97805 1
73.866135 94.40073 0
73.56036 95.026695 1
71.75354 98.725685 0
71.503365 99.23786 1
71.225395 99.80695 0
71.19759 99.86386 0
86.93507 68.22357 0
82.37631 77.5563 0
81.68138 78.978966 1
81.43121 79.49113 0
81.23663 79.88948 1
80.76408 80.856895 0
80.374916 81.65359 1
77.15044 88.25478 0
75.4548 91.7261 1
75.26022 92.12445 0
74.78767 93.091866 1
74.14833 94.40073 0
73.814766 95.0836 1
72.06354 98.66878 0
71.78557 99.23786 1
71.5076 99.80695 0
71.4798 99.86386 0
87.21726 68.22357 0
85.299255 72.15015 0
85.27146 72.207054 1
82.74191 77.385574 0
81.963585 78.978966 1
81.685616 79.548035 0
81.491035 79.94638 1
81.101875 80.74308 0
81.07407 80.79999 1
81.04628 80.856895 0
80.601524 81.7674 1
77.43263 88.25478 0
76.01498 91.15703 1
75.93159 91.32775 0
74.98648 93.26259 1
74.37494 94.514534 0
74.09697 95.0836 1
72.31795 98.725685 0
72.06777 99.23786 1
71.789795 99.80695 0
71.762 99.86386 0
87.499466 68.22357 0
85.52586 72.26396 0
85.41467 72.49159 1
83.05191 77.328674 0
82.24579 78.978966 1
81.96782 79.548035 0
81.77324 79.94638 1
81.38407 80.74308 0
81.05051 81.425964 1
81.02271 81.48287 0
80.91152 81.710495 1
80.88373 81.7674 0
80.828125 81.88122 1
77.74263 88.197876 0
77.54806 88.59622 1
77.46466 88.766945 0
77.43687 88.82385 1
77.40907 88.88076 0
75.18529 93.433304 1
74.62934 94.57144 0
74.40697 95.026695 1
72.48895 98.95332 0
72.40556 99.12405 1
72.072 99.80695 0
72.044205 99.86386 0
87.78167 68.22357 0
85.780266 72.32087 0
85.61348 72.66231 1
83.33411 77.328674 0
82.555786 78.92206 1
82.22222 79.60494 0
82.02764 80.00329 1
81.4161 81.25524 0
81.11033 81.88122 1
77.99704 88.25478 0
77.83025 88.59622 1
77.27431 89.73436 0
75.32851 93.717834 1
72.88235 98.725685 0
72.77116 98.95332 1
72.3542 99.80695 0
72.3264 99.86386 0
88.06387 68.22357 0
85.95128 72.54849 0
85.86789 72.719215 1
85.423134 73.62972 0
85.17296 74.141884 1
83.61631 77.328674 0
82.83799 78.92206 1
82.47662 79.66185 0
82.28204 80.060196 1
81.58711 81.48287 0
81.55931 81.53978 1
81.53152 81.59668 0
81.42033 81.82431 1
78.25144 88.31169 0
78.14025 88.539314 1
76.69479 91.498474 0
75.443924 94.05928 1
73.27574 98.49805 0
73.22014 98.61186 1
72.6364 99.80695 0
72.608604 99.86386 0
88.34607 68.22357 0
86.17789 72.66231 0
86.0945 72.83303 1
85.84432 73.34519 0
85.566345 73.91426 1
83.89851 77.328674 0
83.14799 78.86516 1
82.70323 79.775665 0
82.48085 80.23092 1
76.865814 91.7261 0
75.64273 94.23 1
72.9186 99.80695 0
72.89081 99.86386 0
88.62827 68.22357 0
86.3489 72.88994 0
85.93194 73.74354 1
84.18071 77.328674 0
83.457985 78.80825 1
82.92984 79.88948 0
82.679665 80.40164 1
77.092415 91.83991 0
75.95273 94.173096 1
73.200806 99.80695 0
73.173004 99.86386 0
88.91048 68.22357 0
86.46432 73.23138 0
86.26974 73.62972 1
84.379524 77.49939 0
83.82358 78.63753 1
83.18424 79.94638 0
82.85068 80.629265 1
81.48861 83.4177 0
81.460815 83.47461 1
77.26343 92.06754 0
76.262726 94.11619 1
73.483 99.80695 0
73.45521 99.86386 0
89.19267 68.22357 0
84.717316 77.385574 0
84.68952 77.44248 1
84.66173 77.49939 0
84.16138 78.52371 1
83.41085 80.060196 0
82.966095 80.9707 1
81.9098 83.13316 0
81.8264 83.30389 1
81.77081 83.4177 0
81.71522 83.53152 1
77.490036 92.18136 0
77.21207 92.75043 1
76.76731 93.660934 0
76.54493 94.11619 1
73.765205 99.80695 0
73.73741 99.86386 0
89.47487 68.22357 0
84.943924 77.49939 0
84.36018 78.694435 1
83.58186 80.28783 0
83.52627 80.40164 1
83.49847 80.45854 0
82.85913 81.7674 1
77.74444 92.23826 0
77.522064 92.69351 1
74.04741 99.80695 0
74.01961 99.86386 0
89.75708 68.22357 0
85.003746 77.95464 0
84.55899 78.86516 1
83.69727 80.629265 0
83.16913 81.710495 1
78.08223 92.12445 0
77.88765 92.5228 1
77.859856 92.579704 0
77.83206 92.63661 1
74.329605 99.80695 0
74.30181 99.86386 0
90.039276 68.22357 0
85.20256 78.12537 0
84.7578 79.03587 1
78.39223 92.06754 0
78.197655 92.46589 1
74.61181 99.80695 0
74.584015 99.86386 0
90.32148 68.22357 0
78.61884 92.18136 0
78.45206 92.5228 1
74.89401 99.80695 0
74.86621 99.86386 0
90.60368 68.22357 0
78.956635 92.06754 0
78.92884 92.12445 1
78.90104 92.18136 0
78.762054 92.46589 1
75.17621 99.80695 0
75.148415 99.86386 0
90.88588 68.22357 0
79.29443 91.95373 0
79.09985 92.35207 1
75.45841 99.80695 0
75.43062 99.86386 0
91.168076 68.22357 0
79.60443 91.89682 0
79.40985 92.295166 1
75.740616 99.80695 0
75.712814 99.86386 0
91.45029 68.22357 0
79.88663 91.89682 0
79.74765 92.18136 1
76.02281 99.80695 0
75.99502 99.86386 0
91.73248 68.22357 0
80.16883 91.89682 0
80.14104 91.95373 1
76.305016 99.80695 0
76.27722 99.86386 0
91.805534 68.65174 0
91.77774 68.70865 0
76.60045 99.77986 0
76.57265 99.83678 0
91.805534 69.22946 0
91.77774 69.28637 0
76.87842 99.78851 0
76.85062 99.84542 0
91.805534 69.80716 0
91.77774 69.86407 0
77.15639 99.79715 0
77.12859 99.85406 0
91.805534 70.384865 0
91.77774 70.44177 0
81.631744 91.21277 0
81.548355 91.383484 1
77.434364 99.805786 0
77.40657 99.862686 0
91.805534 70.96255 0
91.77774 71.019455 0
77.71233 99.81439 0
77.68454 99.87131 0
91.805534 71.54023 0
91.77774 71.59714 0
77.99031 99.82301 0
77.96251 99.87991 0
91.805534 72.117905 0
91.77774 72.17481 0
82.604645 90.95407 0
82.57685 91.01097 1
78.29608 99.774704 0
78.26828 99.83162 0
78.24048 99.88852 0
91.805534 72.695564 0
91.77774 72.75247 0
78.57405 99.78331 0
78.54625 99.84021 0
91.805534 73.273224 0
91.77774 73.33013 0
78.85202 99.79189 0
78.82423 99.8488 0
91.805534 73.850876 0
91.77774 73.90778 0
79.12999 99.800476 0
79.102196 99.857376 0
91.805534 74.428505 0
91.77774 74.48541 0
79.40797 99.80904 0
79.38017 99.86595 0
91.805534 75.00614 0
91.77774 75.06305 0
79.68594 99.817604 0
79.65814 99.87451 0
91.805534 75.58376 0
91.77774 75.64067 0
79.96391 99.826164 0
79.93611 99.88307 0
91.805534 76.16138 0
91.77774 76.21829 0
80.269684 99.7778 0
80.24188 99.83471 0
91.805534 76.73899 0
91.77774 76.7959 0
80.54765 99.78634 0
80.51985 99.84325 0
91.805534 77.31659 0
91.77774 77.3735 0
80.82562 99.794876 0
80.79783 99.85178 0
91.805534 77.89418 0
91.77774 77.95108 0
81.1036 99.80339 0
81.075806 99.8603 0
91.805534 78.471756 0
91.77774 78.52866 0
81.38157 99.811905 0
81.353775 99.868805 0
91.805534 79.04933 0
91.77774 79.10624 0
81.659546 99.82041 0
81.631744 99.87732 0
91.805534 79.62689 0
91.77774 79.6838 0
81.96531 99.772 0
81.937515 99.8289 0
81.90971 99.88582 0
91.805534 80.20445 0
91.77774 80.26136 0
82.243286 99.78049 0
82.215485 99.8374 0
91.805534 80.78201 0
91.77774 80.83891 0
82.521255 99.78898 0
82.49346 99.84589 0
91.805534 81.35956 0
91.77774 81.41646 0
82.79923 99.797455 0
82.77143 99.854355 0
91.805534 81.93709 0
91.77774 81.993996 0
83.0772 99.805916 0
83.04941 99.86282 0
91.805534 82.5146 0
91.77774 82.57152 0
83.35517 99.81436 0
83.32738 99.87128 0
91.805534 83.09212 0
91.77774 83.149025 0
83.63315 99.822815 0
83.60535 99.87972 0
91.805534 83.66963 0
91.77774 83.72654 0
83.93892 99.77435 0
83.91112 99.83125 0
83.88332 99.88817 0
91.805534 84.24713 0
91.77774 84.30404 0
84.21689 99.782776 0
84.189095 99.83969 0
91.805534 84.82462 0
91.77774 84.88153 0
84.49486 99.7912 0
84.467064 99.848114 0
91.805534 85.40211 0
91.77774 85.459015 0
84.772835 99.79962 0
84.74503 99.85653 0
91.805534 85.97958 0
91.77774 86.03649 0
85.05081 99.80803 0
85.02301 99.86494 0
91.805534 86.557045 0
91.77774 86.61395 0
85.32878 99.81642 0
85.30098 99.87334 0
91.805534 87.13451 0
91.77774 87.19141 0
85.60675 99.824814 0
85.57896 99.881714 0
91.805534 87.71195 0
91.77774 87.76886 0
85.91252 99.77628 0
85.88472 99.83319 0
85.856926 99.8901 0
91.805534 88.2894 0
91.77774 88.3463 0
86.19049 99.78465 0
86.1627 99.84157 0
91.805534 88.86682 0
91.77774 88.92374 0
86.46847 99.793015 0
86.440674 99.84993 0
91.805534 89.44425 0
91.77774 89.50116 0
86.74644 99.80138 0
86.71864 99.858284 0
91.805534 90.02167 0
91.77774 90.078575 0
87.024414 99.80972 0
86.99661 99.86663 0
91.805534 90.59907 0
91.77774 90.655975 0
87.30238 99.81806 0
87.27458 99.87497 0
91.805534 91.17647 0
91.77774 91.233376 0
87.58035 99.826385 0
87.55256 99.8833 0
91.805534 91.75386 0
91.77774 91.810776 0
87.88612 99.77781 0
87.85833 99.83472 0
91.805534 92.33125 0
91.77774 92.38815 0
88.16409 99.78613 0
88.1363 99.84303 0
91.805534 92.90863 0
91.77774 92.96553 0
88.44207 99.79443 0
88.414276 99.85134 0
91.805534 93.48599 0
91.77774 93.5429 0
88.72005 99.802734 0
88.692245 99.85964 0
91.805534 94.06335 0
91.77774 94.120255 0
88.99802 99.81102 0
88.970215 99.86793 0
91.805534 94.6407 0
91.77774 94.6976 0
89.275986 99.819305 0
89.248184 99.876205 0
91.805534 95.21804 0
91.77774 95.27495 0
89.58176 99.77067 0
89.553955 99.827576 0
89.52617 99.88449 0
91.805534 95.79538 0
91.77774 95.85229 0
89.859726 99.77893 0
89.83193 99.835846 0
91.805534 96.372696 0
91.77774 96.4296 0
90.1377 99.787186 0
90.10991 99.8441 0
91.805534 96.95001 0
91.77774 97.00693 0
90.41567 99.79544 0
90.38788 99.85234 0
91.805534 97.52733 0
91.77774 97.58423 0
90.69365 99.80367 0
90.66585 99.86058 0
91.805534 98.104614 0
91.77774 98.16153 0
90.97162 99.81188 0
90.94382 99.86879 0
91.805534 98.681885 0
91.77774 98.7388 0
91.24959 99.82007 0
91.221794 99.87697 0
91.805534 99.259125 0
91.77774 99.31604 0
91.55536 99.7713 0
91.527565 99.82822 0
91.49977 99.885124 0
91.805534 99.836334 0
60.145973 68.226524 0
60.81609 68.226524 0
60.215927 69.96237 1
60.195232 70.022224 1
60.174538 70.082085 1
60.153843 70.14194 1
61.486214 68.226524 0
60.2238 71.877785 1
60.203106 71.937645 1
60.18241 71.9975 1
60.161716 72.05736 1
62.156334 68.226524 0
61.121574 71.21936 1
60.686974 72.47635 0
60.624886 72.65592 1
60.500717 73.01506 0
60.293762 73.613625 1
60.210983 73.85305 0
60.19029 73.91291 0
60.16959 73.97276 1
60.148895 74.03262 1
62.826454 68.226524 0
62.681587 68.64552 0
62.102123 70.32151 1
62.081425 70.38136 0
62.040035 70.50108 1
60.218853 75.76845 0
60.19816 75.82831 0
60.177464 75.88817 0
60.15677 75.94802 0
63.49657 68.226524 0
63.393097 68.5258 0
63.351707 68.64552 1
63.24823 68.9448 0
62.917107 69.90251 1
60.226723 77.68385 0
60.206028 77.743706 0
60.185333 77.803566 0
60.16464 77.86342 0
64.16669 68.226524 0
63.939037 68.88495 0
63.918343 68.9448 1
63.814865 69.24409 0
63.79417 69.30395 1
60.75197 78.102844 0
60.213894 79.65911 1
60.1932 79.71896 1
60.172504 79.778824 1
60.151806 79.83868 1
64.83679 68.226524 0
61.153038 78.88098 0
60.221752 81.57451 1
60.201057 81.63437 1
60.180363 81.69422 1
60.159668 81.754074 1
65.5069 68.226524 0
61.574802 79.59925 0
60.415867 82.9512 1
60.22961 83.489914 0
60.208916 83.54977 0
60.18822 83.60962 0
60.167526 83.66948 0
60.146828 83.72934 0
66.176994 68.226524 0
62.120728 79.95839 0
60.81693 83.72934 1
60.216766 85.465164 0
60.19607 85.525024 0
60.175377 85.58488 0
60.154682 85.64474 0
66.84709 68.226524 0
62.397617 81.09566 0
61.38355 84.02862 1
60.224617 87.38057 0
60.203922 87.44042 0
60.183228 87.500275 0
60.16253 87.560135 0
67.51719 68.226524 0
62.281292 83.3702 0
62.032948 84.08847 1
61.970863 84.26804 0
61.805298 84.74689 1
60.211765 89.35583 0
60.19107 89.41568 0
60.170376 89.47554 0
60.14968 89.53539 0
68.18727 68.226524 0
66.3247 73.613625 0
66.26262 73.7932 1
65.72454 75.34946 0
65.24855 76.72615 1
63.096245 82.9512 0
63.03416 83.130775 1
62.516777 84.62718 0
62.268436 85.34546 1
60.281693 91.09166 0
60.219604 91.271225 1
60.19891 91.331085 1
60.178215 91.39094 1
60.15752 91.45079 1
68.85736 68.226524 0
66.99479 73.613625 0
66.58088 74.81075 1
65.56682 77.743706 0
65.256386 78.641556 1
60.72413 91.75008 0
60.227444 93.18662 1
60.206745 93.24648 1
60.18605 93.306335 1
60.165356 93.366196 1
69.527435 68.226524 0
67.70625 73.49391 0
67.35444 74.51147 1
66.96123 75.64874 0
66.94054 75.708595 1
66.85775 75.94802 0
66.77497 76.18745 1
65.574646 79.65911 0
65.3263 80.37738 1
61.145866 92.46835 0
60.21458 95.16188 1
60.193886 95.22174 1
60.173187 95.28159 1
60.152493 95.34145 1
70.19751 68.226524 0
68.459114 73.254486 0
68.0866 74.3319 1
67.652 75.58888 0
67.527824 75.94802 1
67.445045 76.18745 0
67.09322 77.205 1
65.76873 81.035805 0
65.58247 81.57451 1
61.712463 92.76763 0
60.22241 97.077286 1
60.201714 97.13714 1
60.181015 97.19699 1
60.16032 97.25685 1
70.867584 68.226524 0
69.21197 73.01506 0
68.860146 74.03262 1
68.28068 75.708595 0
68.13581 76.12759 1
68.07373 76.30716 0
67.7426 77.26486 1
66.08698 82.05336 0
65.880035 82.651924 1
62.341145 92.887344 0
60.209534 99.05259 1
60.18884 99.11245 1
60.168144 99.1723 1
60.14745 99.23216 1
71.537674 68.226524 0
69.81997 73.19463 0
69.530235 74.03262 1
69.054245 75.40932 0
68.99216 75.58888 1
68.90938 75.82831 0
68.205734 77.86342 1
66.38456 83.130775 0
66.1983 83.66948 1
62.824974 93.42605 0
60.63128 99.77089 1
60.610584 99.83075 1
60.58989 99.89061 1
72.20776 68.226524 0
70.655624 72.71578 0
70.614235 72.835495 1
70.572845 72.95521 0
70.22102 73.97276 1
69.84851 75.05018 0
69.70364 75.46917 1
69.662254 75.58888 0
69.22765 76.84586 1
68.93792 77.68385 0
68.54471 78.82112 1
66.764915 83.96876 0
66.57866 84.50746 1
63.32951 93.9049 0
61.301376 99.77089 1
61.280678 99.83075 1
61.259983 99.89061 1
72.87786 68.226524 0
71.36711 72.59607 0
70.89112 73.97276 1
70.45652 75.229744 0
70.39443 75.40932 1
70.35304 75.52902 0
70.02192 76.486725 1
70.00122 76.546585 0
69.56662 77.803566 1
69.42175 78.22256 0
69.13202 79.06055 1
69.11133 79.1204 0
69.06994 79.24011 1
67.14528 84.80675 0
66.95902 85.34546 1
63.91682 94.144325 0
61.97147 99.77089 1
61.950775 99.83075 1
61.930077 99.89061 1
73.54795 68.226524 0
71.83023 73.19463 0
71.561195 73.97276 1
71.126595 75.229744 0
71.06451 75.40932 1
71.02312 75.52902 0
70.75408 76.30716 1
70.6713 76.546585 0
70.091835 78.22256 1
69.94697 78.641556 0
69.74001 79.24011 1
67.58771 85.465164 0
67.40145 86.003876 1
64.276474 95.04217 0
62.641544 99.77089 1
62.62085 99.83075 1
62.600155 99.89061 1
74.21803 68.226524 0
72.60376 72.89535 0
72.54167 73.07492 1
72.52097 73.13477 0
72.29333 73.7932 1
71.63108 75.708595 0
71.424126 76.30716 1
71.23787 76.84586 0
70.6584 78.521835 1
70.513535 78.940834 0
70.2445 79.71896 1
68.050804 86.06373 0
67.84385 86.66229 1
67.24369 88.398125 0
67.09882 88.817116 1
64.82234 95.401306 0
63.311592 99.77089 1
63.290897 99.83075 1
63.270203 99.89061 1
74.88808 68.226524 0
73.10821 73.3742 0
72.90126 73.97276 1
72.259705 75.82831 0
72.03206 76.486725 1
71.659546 77.56414 0
71.43189 78.22256 1
71.14216 79.06055 0
70.91451 79.71896 1
68.49317 86.72215 0
68.28622 87.32071 1
67.81023 88.6974 0
67.64467 89.176254 1
65.40958 95.64073 0
65.36819 95.760445 1
65.3268 95.88016 0
63.98161 99.77089 1
63.960915 99.83075 1
63.940216 99.89061 1
75.55809 68.226524 0
73.75752 73.43406 0
73.426384 74.391754 1
72.8676 76.00787 0
72.598564 76.78601 1
71.72936 79.29997 0
71.68797 79.419685 1
68.91481 87.44042 0
68.72855 87.97913 1
68.41813 88.876976 0
68.169785 89.595245 1
65.8933 96.179436 0
64.65159 99.77089 1
64.6309 99.83075 1
64.6102 99.89061 1
76.22807 68.226524 0
74.34472 73.673485 0
73.82732 75.16989 1
73.43409 76.30716 0
73.10295 77.26486 1
72.27515 79.65911 0
72.25445 79.71896 1
71.71637 81.27523 0
71.65429 81.454796 1
69.398506 87.97913 0
68.73626 89.89453 1
68.446526 90.73251 0
68.30166 91.15151 1
66.45978 96.478714 0
65.32154 99.77089 1
65.30085 99.83075 1
65.28015 99.89061 1
76.898026 68.226524 0
74.931885 73.91291 0
74.311005 75.708595 1
73.97986 76.6663 0
73.483154 78.102844 1
69.88217 88.51784 0
69.240616 90.37338 1
69.11645 90.73251 0
68.97158 91.15151 1
66.98483 96.89771 0
65.99146 99.77089 1
65.970764 99.83075 1
65.95007 99.89061 1
77.56795 68.226524 0
75.53972 74.092476 0
74.89814 75.94802 1
74.50491 77.08529 0
73.86333 78.940834 1
70.448586 88.817116 0
69.579384 91.331085 1
67.654724 96.89771 0
66.70274 99.65117 1
66.661354 99.77089 0
66.640656 99.83075 0
66.619965 99.89061 0
78.23784 68.226524 0
76.085434 74.451614 0
75.40246 76.42687 1
74.98853 77.62399 0
74.51252 79.00069 1
70.99427 89.176254 0
70.18716 91.51065 1
68.15902 97.376564 0
67.43469 99.4716 1
67.331215 99.77089 0
67.31052 99.83075 0
67.289825 99.89061 0
78.9077 68.226524 0
76.7139 74.57133 0
75.80327 77.205 1
75.617004 77.743706 0
75.24447 78.82112 1
72.67816 86.2433 0
72.28496 87.38057 1
71.581314 89.41568 0
70.7742 91.75008 1
70.17404 93.4859 0
69.946396 94.144325 1
68.76676 97.55614 0
68.187294 99.23216 1
68.00104 99.77089 0
67.98035 99.83075 0
67.95965 99.89061 0
79.57753 68.226524 0
77.15607 75.229744 0
76.22474 77.92328 1
76.14195 78.162704 0
76.12126 78.22256 1
73.223785 86.60243 0
72.80988 87.79956 1
72.168335 89.655106 0
71.36122 91.9895 1
70.82314 93.54576 0
70.55411 94.3239 1
69.37447 97.73571 0
68.87779 99.1723 1
68.67084 99.77089 0
68.65014 99.83075 0
68.62945 99.89061 0
80.24732 68.226524 0
77.66029 75.708595 0
77.12219 77.26486 1
77.1015 77.324715 0
77.0808 77.38457 1
73.893585 86.60243 0
73.41757 87.97913 1
72.75532 89.89453 0
71.948204 92.22893 1
71.492905 93.54576 0
71.20317 94.38375 1
70.04424 97.73571 0
69.547554 99.1723 1
69.34061 99.77089 0
69.31991 99.83075 0
69.29921 99.89061 0
80.91709 68.226524 0
74.563354 86.60243 0
74.004555 88.21855 1
73.445755 89.83467 0
73.30089 90.25367 1
73.2388 90.433235 0
73.052536 90.97195 1
72.90767 91.39094 0
72.53516 92.46835 1
72.121254 93.665474 0
71.79013 94.62318 1
70.75536 97.616 0
70.155205 99.35188 1
70.01034 99.77089 0
69.98964 99.83075 0
69.96895 99.89061 0
81.58682 68.226524 0
75.191696 86.72215 0
74.44663 88.876976 1
73.97062 90.25367 0
73.74296 90.91209 1
73.494606 91.63036 0
73.10138 92.76763 1
72.749565 93.78519 0
72.39774 94.80274 1
71.2802 98.035 0
70.804214 99.41174 1
70.68004 99.77089 0
70.65935 99.83075 0
70.63865 99.89061 0
82.25652 68.226524 0
75.8407 86.782005 0
74.66102 90.19381 1
74.06083 91.92964 0
73.68829 93.00706 1
73.357155 93.96476 0
72.984634 95.04217 1
71.92918 98.094864 0
71.908485 98.15472 1
71.88779 98.21458 0
71.494576 99.35188 1
71.34971 99.77089 0
71.32902 99.83075 0
71.30832 99.89061 0
82.92619 68.226524 0
79.428535 78.34227 0
79.387146 78.46198 1
79.28366 78.76126 0
78.869736 79.95839 1
76.40689 87.08128 0
74.93746 91.331085 1
74.7098 91.9895 0
74.316574 93.12677 1
73.96474 94.144325 0
73.53012 95.401306 1
72.598816 98.094864 0
72.20561 99.23216 1
72.01935 99.77089 0
71.99866 99.83075 0
71.97796 99.89061 0
83.59584 68.226524 0
80.28444 77.803566 0
79.477295 80.13796 1
79.4152 80.31753 0
79.29103 80.67667 1
76.910965 87.560135 0
74.88274 93.42605 1
74.57229 94.3239 0
74.03419 95.88016 1
73.30982 97.97514 0
72.958 98.99274 1
72.68896 99.77089 0
72.66827 99.83075 0
72.64757 99.89061 0
84.26544 68.226524 0
84.03778 68.88495 1
81.11962 77.324715 0
79.73297 81.33508 1
77.49779 87.79956 0
75.17981 94.50346 1
74.993546 95.04217 0
74.97285 95.10202 1
74.95215 95.16188 0
74.60031 96.179436 1
74.57962 96.239296 0
74.455444 96.598434 1
74.39336 96.778 0
74.37266 96.83786 1
74.145 97.49628 0
74.02082 97.85542 1
73.35854 99.77089 0
73.337845 99.83075 0
73.317154 99.89061 0
84.93503 68.226524 0
84.41762 69.72294 1
81.7892 77.324715 0
80.69231 80.49709 1
80.65091 80.616806 0
80.27838 81.69422 1
78.12598 87.91927 0
77.83623 88.75726 1
77.670654 89.236115 0
76.94629 91.331085 1
76.90489 91.45079 0
75.808 94.62318 1
75.74591 94.80274 0
75.021545 96.89771 1
74.02812 99.77089 0
74.00743 99.83075 0
73.98673 99.89061 0
85.60461 68.226524 0
85.21138 69.3638 0
85.19068 69.42366 1
85.025116 69.90251 0
85.00442 69.96237 1
84.98372 70.022224 0
84.75606 70.68065 1
82.541565 77.08529 0
81.83789 79.1204 1
81.73441 79.419685 0
81.52745 80.01825 1
81.382576 80.43724 0
80.823784 82.05336 1
80.65821 82.53221 0
80.55473 82.83149 1
80.244286 83.72934 0
79.91315 84.687035 1
78.85764 87.7397 0
78.60928 88.45798 1
77.94701 90.37338 0
77.84353 90.67266 1
77.80214 90.79237 0
77.74005 90.97195 1
77.677956 91.15151 0
77.636566 91.271225 1
77.47099 91.75008 0
76.229225 95.34145 1
76.20853 95.401306 0
76.187836 95.46117 1
74.69771 99.77089 0
74.67701 99.83075 0
74.65631 99.89061 0
86.274185 68.226524 0
85.15659 71.458786 0
85.135895 71.51865 1
85.053116 71.75807 0
84.94963 72.05736 1
83.21115 77.08529 0
82.50748 79.1204 1
82.3626 79.5394 0
82.15564 80.13796 1
81.78311 81.21537 0
81.51405 81.9935 1
81.2864 82.651924 0
81.03805 83.3702 1
80.64482 84.50746 0
80.520645 84.86661 1
79.05121 89.116394 0
78.51311 90.67266 1
78.49242 90.73251 0
78.45102 90.852234 1
78.05779 91.9895 0
77.83014 92.64792 1
75.36729 99.77089 0
75.34659 99.83075 0
75.3259 99.89061 0
86.94376 68.226524 0
85.55712 72.23692 0
85.41225 72.65592 1
85.35016 72.835495 0
85.1225 73.49391 1
83.90143 77.02544 0
83.21845 79.00069 1
82.97009 79.71896 0
82.68035 80.55695 1
81.93529 82.71178 0
81.56275 83.78919 1
81.2937 84.56732 0
81.190216 84.86661 1
80.07263 88.09885 0
79.80357 88.876976 1
78.74807 91.92964 0
78.52042 92.58806 1
76.036865 99.77089 0
76.016174 99.83075 0
75.995476 99.89061 0
87.61335 68.226524 0
86.14392 72.47635 0
85.89556 73.19463 1
85.85417 73.31435 0
85.62651 73.97276 1
85.27467 74.99032 0
85.1505 75.34946 1
84.48822 77.26486 0
83.97081 78.76126 1
83.536194 80.01825 0
82.87392 81.93365 1
79.459045 91.80993 0
79.25208 92.40849 1
76.70644 99.77089 0
76.68575 99.83075 0
76.665054 99.89061 0
88.28293 68.226524 0
86.668625 72.89535 0
86.62723 73.01506 1
86.60654 73.07492 0
86.58584 73.13477 1
86.54445 73.254486 0
86.399574 73.673485 1
85.11641 77.38457 0
84.53692 79.06055 1
84.43343 79.359825 0
84.18508 80.0781 1
84.143684 80.197815 0
84.01951 80.55695 1
83.99881 80.616806 0
83.97812 80.67667 1
83.93672 80.79638 0
83.89533 80.91609 1
83.87463 80.975945 0
83.85394 81.035805 1
80.17001 91.690216 0
80.02515 92.10921 1
77.37603 99.77089 0
77.35533 99.83075 0
77.33463 99.89061 0
88.952515 68.226524 0
85.39276 78.521835 0
85.35137 78.641556 1
85.33067 78.70141 0
85.24789 78.940834 1
80.94308 91.39094 0
80.77751 91.86979 1
78.04561 99.77089 0
78.02491 99.83075 0
78.00422 99.89061 0
89.622086 68.226524 0
81.69544 91.15151 0
81.591965 91.45079 1
78.71519 99.77089 0
78.69449 99.83075 0
78.6738 99.89061 0
90.29167 68.226524 0
82.468506 90.852234 0
82.36502 91.15151 1
79.384766 99.77089 0
79.364075 99.83075 0
79.343376 99.89061 0
90.96126 68.226524 0
80.05435 99.77089 0
80.03365 99.83075 0
80.012955 99.89061 0
91.63083 68.226524 0
84.035324 90.19381 0
83.973236 90.37338 1
80.72393 99.77089 0
80.70323 99.83075 0
80.68254 99.89061 0
91.81264 69.637314 0
91.79195 69.69717 0
91.77124 69.75703 0
81.38175 99.80498 0
81.36105 99.86483 0
91.81264 71.574 0
91.79195 71.63386 0
91.77124 71.69371 0
85.79004 88.99219 0
85.72795 89.17175 1
82.04402 99.82625 0
82.02333 99.88611 0
91.81264 73.51077 0
91.79195 73.57063 0
91.77124 73.630486 0
82.727005 99.78775 0
82.70631 99.84761 0
91.81264 75.44765 0
91.79195 75.5075 0
91.77124 75.56736 0
87.569916 87.71818 0
87.50783 87.89775 1
87.48713 87.9576 0
87.46643 88.01746 1
83.38928 99.80922 0
83.36858 99.86908 0
91.81264 77.38461 0
91.79195 77.444466 0
91.77124 77.504326 0
84.07226 99.770935 0
84.05156 99.830795 0
84.03087 99.89065 0
91.81264 79.32168 0
91.79195 79.38154 0
91.77124 79.44139 0
84.734535 99.7926 0
84.71384 99.85246 0
91.81264 81.25885 0
91.79195 81.31871 0
91.77124 81.37856 0
85.39681 99.81437 0
85.376114 99.87422 0
91.81264 83.19612 0
91.79195 83.25598 0
91.77124 83.315834 0
86.07979 99.77638 0
86.05909 99.83624 0
91.81264 85.13349 0
91.79195 85.193344 0
91.77124 85.253204 0
86.742065 99.798355 0
86.721375 99.858215 0
91.81264 87.07098 0
91.79195 87.13083 0
91.77124 87.19069 0
87.40434 99.820435 0
87.38365 99.880295 0
91.81264 89.00856 0
91.79195 89.06841 0
91.77124 89.128265 0
88.08732 99.78276 0
88.06662 99.84262 0
91.81264 90.94624 0
91.79195 91.006096 0
91.77124 91.06595 0
88.749596 99.80504 0
88.728905 99.8649 0
91.81264 92.884026 0
91.79195 92.94388 0
91.77124 93.00374 0
89.41188 99.82743 0
89.391174 99.88728 0
91.81264 94.821915 0
91.79195 94.88177 0
91.77124 94.94162 0
90.09485 99.790054 0
90.07416 99.849915 0
91.81264 96.7599 0
91.79195 96.81976 0
91.77124 96.879616 0
90.757126 99.81265 0
90.736435 99.872505 0
91.81264 98.69799 0
91.79195 98.75784 0
91.77124 98.8177 0
91.44011 99.77544 0
91.41941 99.8353 0
